name	taxonomy_id	taxonomy_lvl	kraken_assigned_reads	added_reads	new_est_reads	fraction_total_reads
Hafnia	568	G	3905147	107334	4012481	0.07602
Edwardsiella	635	G	10228	218	10446	0.00020
Obesumbacterium	82982	G	5434	627	6061	0.00011
Klebsiella	570	G	1421298	108048	1529346	0.02897
Raoultella	160674	G	817467	80589	898056	0.01701
Citrobacter	544	G	662498	57173	719671	0.01363
Enterobacter	547	G	123727	22801	146528	0.00278
Buttiauxella	82976	G	107313	724	108037	0.00205
Escherichia	561	G	34834	54905	89739	0.00170
Salmonella	590	G	20223	22034	42257	0.00080
Kosakonia	1330547	G	16287	197	16484	0.00031
Cedecea	158483	G	14885	129	15014	0.00028
Cronobacter	413496	G	11406	211	11617	0.00022
Leclercia	83654	G	11220	643	11863	0.00022
Kluyvera	579	G	11140	428	11568	0.00022
Symbiopectobacterium	801	G	3402	54	3456	0.00007
Candidatus Williamhamiltonella	568987	G	519	0	519	0.00001
Candidatus Regiella	568988	G	487	398	885	0.00002
Candidatus Blochmanniella	203804	G	881	3	884	0.00002
Candidatus Westeberhardia	1699619	G	48	3	51	0.00000
Candidatus Hoaglandella	1906659	G	245	11	256	0.00000
Candidatus Doolittlea	1906657	G	201	10	211	0.00000
Candidatus Gullanella	1906661	G	117	128	245	0.00000
Candidatus Tachikawaea	1682492	G	93	38	131	0.00000
Candidatus Purcelliella	472825	G	59	3	62	0.00000
Candidatus Mikella	1906660	G	28	7	35	0.00000
Lelliottia	1330545	G	6718	215	6933	0.00013
Dryocola	3021684	G	6182	77	6259	0.00012
Atlantibacter	1903434	G	5266	117	5383	0.00010
Plesiomonas	702	G	5101	84	5185	0.00010
Mangrovibacter	451512	G	3672	167	3839	0.00007
Yokenella	158876	G	3457	92	3549	0.00007
Siccibacter	1649298	G	3166	36	3202	0.00006
Pluralibacter	1330546	G	2805	55	2860	0.00005
Jejubacter	2815296	G	2607	12	2619	0.00005
Pseudocitrobacter	1504576	G	2567	44	2611	0.00005
Superficieibacter	2303321	G	2353	24	2377	0.00005
Phytobacter	447792	G	2141	392	2533	0.00005
Trabulsiella	158851	G	1882	80	1962	0.00004
Franconibacter	1649295	G	1710	14	1724	0.00003
Scandinavium	2726810	G	1238	10	1248	0.00002
Shimwellia	1335483	G	1188	8	1196	0.00002
Pseudescherichia	2055880	G	985	1000	1985	0.00004
Shigella	620	G	693	1647	2340	0.00004
Candidatus Profftia	1177214	G	681	0	681	0.00001
Candidatus Schneideria	1081630	G	248	0	248	0.00000
Candidatus Moranella	1048757	G	246	0	246	0.00000
Candidatus Curculioniphilus	690591	G	96	0	96	0.00000
Candidatus Riesia	401618	G	34	0	34	0.00000
Candidatus Ishikawella	409304	G	22	0	22	0.00000
Serratia	613	G	2921015	34097	2955112	0.05599
Yersinia	629	G	137707	2511	140218	0.00266
Rahnella	34037	G	16090	192	16282	0.00031
Chania	1745211	G	8114	76	8190	0.00016
Rouxiella	1565532	G	4612	49	4661	0.00009
Ewingella	41201	G	2633	31	2664	0.00005
Gibbsiella	929812	G	2014	22	2036	0.00004
Chimaeribacter	2716544	G	1385	34	1419	0.00003
Candidatus Fukatsuia	1927833	G	1114	1	1115	0.00002
Nissabacter	1964366	G	954	8	962	0.00002
Morganella	581	G	2453250	94710	2547960	0.04827
Providencia	586	G	442448	375017	817465	0.01549
Proteus	583	G	29486	1138	30624	0.00058
Xenorhabdus	626	G	16573	39	16612	0.00031
Photorhabdus	29487	G	8889	9	8898	0.00017
Moellerella	158848	G	6710	455	7165	0.00014
Arsenophonus	637	G	4419	6	4425	0.00008
Limnobaculum	2172100	G	136090	7588	143678	0.00272
Pragia	82984	G	91213	8432	99645	0.00189
Leminorella	82980	G	34768	322	35090	0.00066
Pantoea	53335	G	49179	2171	51350	0.00097
Erwinia	551	G	28705	1552	30257	0.00057
Mixta	2100764	G	4472	625	5097	0.00010
Tatumella	82986	G	3758	65	3823	0.00007
Buchnera	32199	G	3252	7	3259	0.00006
Winslowiella	2997349	G	2635	98	2733	0.00005
Duffyella	3026546	G	2062	316	2378	0.00005
Paramixta	3231896	G	1641	67	1708	0.00003
Pectobacterium	122277	G	43665	1329	44994	0.00085
Dickeya	204037	G	18833	881	19714	0.00037
Brenneria	71655	G	7440	1280	8720	0.00017
Lonsdalea	1082702	G	1565	42	1607	0.00003
Musicola	2884243	G	1401	11	1412	0.00003
Prodigiosinella	3059405	G	401	1171	1572	0.00003
Sodalis	84565	G	5708	8	5716	0.00011
Gallaecimonas	745410	G	1159	6	1165	0.00002
Stenotrophomonas	40323	G	6256295	337763	6594058	0.12493
Xanthomonas	338	G	506806	12605	519411	0.00984
Pseudoxanthomonas	83618	G	117588	3439	121027	0.00229
Lysobacter	68	G	101428	3006	104434	0.00198
Luteimonas	83614	G	45580	522	46102	0.00087
Thermomonas	141948	G	23493	455	23948	0.00045
Agrilutibacter	3382696	G	7030	128	7158	0.00014
Marilutibacter	3382698	G	6210	90	6300	0.00012
Novilysobacter	3382699	G	4144	2657	6801	0.00013
Solilutibacter	3382695	G	2254	61	2315	0.00004
Pseudoluteimonas	3382694	G	1917	24	1941	0.00004
Xylella	2370	G	1734	9	1743	0.00003
Arenimonas	490567	G	1599	14	1613	0.00003
Dyella	231454	G	15494	865	16359	0.00031
Rhodanobacter	75309	G	10809	983	11792	0.00022
Luteibacter	242605	G	8620	257	8877	0.00017
Tahibacter	1453544	G	2114	23	2137	0.00004
Dokdonella	323413	G	2078	43	2121	0.00004
Frateuria	70411	G	1629	281	1910	0.00004
Pseudolysobacter	2709666	G	488	2	490	0.00001
Aerosticca	2707020	G	415	119	534	0.00001
Ahniella	2233801	G	242	1	243	0.00000
Marinicella	863253	G	600	0	600	0.00001
Acinetobacter	469	G	4725358	48179	4773537	0.09044
Psychrobacter	497	G	5132	18	5150	0.00010
Moraxella	475	G	2213	6	2219	0.00004
Faucicola	1604696	G	1653	15	1668	0.00003
Lwoffella	3444169	G	191	3	194	0.00000
Alkanindiges	222991	G	106	2	108	0.00000
Aquirhabdus	2824158	G	45	0	45	0.00000
Pseudomonas	286	G	661936	21421	683357	0.01295
Stutzerimonas	2901164	G	7435	577	8012	0.00015
Ectopseudomonas	3236654	G	5345	1658	7003	0.00013
Halopseudomonas	2901189	G	5280	171	5451	0.00010
Metapseudomonas	3236656	G	3448	245	3693	0.00007
Aquipseudomonas	3236652	G	1307	141	1448	0.00003
Azotobacter	352	G	1190	50	1240	0.00002
Azorhizophilus	157913	G	58	21	79	0.00000
Entomomonas	2758906	G	796	0	796	0.00002
Phytopseudomonas	3236657	G	626	63	689	0.00001
Permianibacter	1649479	G	360	0	360	0.00001
Denitrificimonas	2901261	G	290	6	296	0.00001
Thiopseudomonas	1654787	G	194	1	195	0.00000
Geopseudomonas	3236655	G	58	4	62	0.00000
Marinobacter	2742	G	9312	142	9454	0.00018
Candidatus Njordibacter	3457297	G	216	0	216	0.00000
Pseudohongiella	1524249	G	179	0	179	0.00000
Ketobacter	2025617	G	158	0	158	0.00000
Vibrio	662	G	59187	1153	60340	0.00114
Photobacterium	657	G	8972	365	9337	0.00018
Salinivibrio	51366	G	1913	33	1946	0.00004
Aliivibrio	511678	G	1911	208	2119	0.00004
Grimontia	246861	G	820	16	836	0.00002
Parasalinivibrio	3378804	G	522	9	531	0.00001
Enterovibrio	188143	G	469	7	476	0.00001
Paraphotobacterium	2042066	G	323	7	330	0.00001
Thaumasiovibrio	2014233	G	89	3	92	0.00000
Shewanella	22	G	20574	607	21181	0.00040
Parashewanella	2547964	G	713	5	718	0.00001
Psychrobium	1573826	G	420	10	430	0.00001
Pseudoalteromonas	53246	G	15141	552	15693	0.00030
Psychrosphaera	907197	G	259	34	293	0.00001
Flocculibacter	2834759	G	148	4	152	0.00000
Alteromonas	226	G	5431	346	5777	0.00011
Salinimonas	288793	G	903	65	968	0.00002
Agarivorans	261825	G	1678	18	1696	0.00003
Paraglaciecola	1621534	G	1603	49	1652	0.00003
Saccharobesus	2894574	G	1124	12	1136	0.00002
Catenovulum	1172191	G	599	6	605	0.00001
Alishewanella	111142	G	505	29	534	0.00001
Aliiglaciecola	1406885	G	278	27	305	0.00001
Lacimicrobium	1751872	G	252	4	256	0.00000
Planctobacterium	2200736	G	217	6	223	0.00000
Alkalimarinus	1858563	G	213	1	214	0.00000
Neptunicella	2125985	G	211	5	216	0.00000
Ningiella	2751156	G	145	2	147	0.00000
Paraneptunicella	2905123	G	87	1	88	0.00000
Brumicola	3160924	G	57	1	58	0.00000
Halioxenophilus	2108524	G	54	0	54	0.00000
Hydrocarboniclastica	2650549	G	23	0	23	0.00000
Saliniradius	2661818	G	22	0	22	0.00000
Colwellia	28228	G	2797	107	2904	0.00006
Thalassotalea	1518149	G	2699	193	2892	0.00005
Thalassomonas	137583	G	1221	14	1235	0.00002
Cognaticolwellia	2848171	G	116	7	123	0.00000
Litorilituus	1407056	G	106	1	107	0.00000
Pseudocolwellia	2848177	G	92	6	98	0.00000
Idiomarina	135575	G	1790	189	1979	0.00004
Pseudidiomarina	2800384	G	746	32	778	0.00001
Ferrimonas	44011	G	2509	70	2579	0.00005
Psychromonas	67572	G	1483	22	1505	0.00003
Moritella	58050	G	1220	105	1325	0.00003
Motilimonas	1914248	G	568	14	582	0.00001
Halomonas	2745	G	12383	1728	14111	0.00027
Vreelandella	3137766	G	4471	1070	5541	0.00010
Salinicola	404432	G	2067	50	2117	0.00004
Kushneria	504090	G	1099	3	1102	0.00002
Cobetia	204286	G	904	17	921	0.00002
Billgrantia	3137761	G	767	632	1399	0.00003
Pistricoccus	1897649	G	233	2	235	0.00000
Halotalea	376488	G	139	1	140	0.00000
Zymobacter	33073	G	98	6	104	0.00000
Candidatus Carsonella	114185	G	12	0	12	0.00000
Chromohalobacter	42054	G	106	10	116	0.00000
Marinomonas	28253	G	5032	109	5141	0.00010
Marinobacterium	48075	G	2070	71	2141	0.00004
Neptuniibacter	459520	G	1420	21	1441	0.00003
Neptunomonas	75687	G	1124	25	1149	0.00002
Thalassolituus	187492	G	900	47	947	0.00002
Amphritea	515417	G	680	8	688	0.00001
Bacterioplanoides	2066071	G	457	9	466	0.00001
Nitrincola	267849	G	348	8	356	0.00001
Bermanella	599651	G	337	1	338	0.00001
Aliamphritea	3018276	G	236	3	239	0.00000
Venatoribacter	2893036	G	187	22	209	0.00000
Bacterioplanes	1537406	G	165	8	173	0.00000
Marinospirillum	64968	G	125	7	132	0.00000
Motiliproteus	1775292	G	116	3	119	0.00000
Alloalcanivorax	3020832	G	1875	89	1964	0.00004
Alcanivorax	59753	G	1152	32	1184	0.00002
Isoalcanivorax	3020833	G	1036	41	1077	0.00002
Endozoicomonas	305899	G	2421	41	2462	0.00005
Gynuella	1445504	G	739	8	747	0.00001
Salinispirillum	1649491	G	598	7	605	0.00001
Saccharospirillum	231683	G	381	9	390	0.00001
Reinekea	230494	G	358	3	361	0.00001
Marinicellulosiphila	3414216	G	1602	16	1618	0.00003
Hahella	158481	G	806	16	822	0.00002
Thermohahella	3449104	G	148	8	156	0.00000
Allohahella	1855402	G	102	0	102	0.00000
Aliikangiella	1920241	G	892	0	892	0.00002
Pleionea	1502941	G	30	0	30	0.00000
Litorivicinus	418700	G	399	0	399	0.00001
Spartinivicinus	2768738	G	293	9	302	0.00001
Pokkaliibacter	2301194	G	243	1	244	0.00000
Oleiphilus	141450	G	97	2	99	0.00000
Actinobacillus	713	G	3714	164	3878	0.00007
Haemophilus	724	G	3550	160	3710	0.00007
Pasteurella	745	G	3297	1164	4461	0.00008
Mannheimia	75984	G	1760	46	1806	0.00003
Gallibacterium	155493	G	1498	48	1546	0.00003
Histophilus	214906	G	1338	82	1420	0.00003
Aggregatibacter	416916	G	1241	58	1299	0.00002
Avibacterium	292486	G	1188	58	1246	0.00002
Rodentibacter	1960084	G	875	10	885	0.00002
Mergibacter	2899790	G	813	6	819	0.00002
Glaesserella	2094023	G	809	74	883	0.00002
Bibersteinia	476528	G	675	35	710	0.00001
Phocoenobacter	146805	G	655	117	772	0.00001
Lonepinella	53416	G	589	1	590	0.00001
Testudinibacter	1755672	G	503	5	508	0.00001
Basfia	697331	G	377	5	382	0.00001
Bisgaardia	109471	G	365	4	369	0.00001
Otariodibacter	1249016	G	213	2	215	0.00000
Vespertiliibacter	1520333	G	134	2	136	0.00000
Frederiksenia	1649317	G	96	2	98	0.00000
Aeromonas	642	G	19502	567	20069	0.00038
Zobellella	347533	G	1562	84	1646	0.00003
Tolumonas	43947	G	1197	26	1223	0.00002
Oceanisphaera	225143	G	1015	5	1020	0.00002
Oceanimonas	129577	G	546	22	568	0.00001
Dongshaea	2802288	G	270	0	270	0.00001
Pseudaeromonas	1929090	G	196	3	199	0.00000
Succinivibrio	83770	G	319	0	319	0.00001
Cellvibrio	10	G	2768	26	2794	0.00005
Teredinibacter	2425	G	1273	36	1309	0.00002
Gilvimarinus	940550	G	961	9	970	0.00002
Agaribacterium	2038244	G	859	5	864	0.00002
Simiduia	447467	G	851	2	853	0.00002
Marinagarivorans	1792291	G	448	31	479	0.00001
Saccharophagus	316625	G	409	15	424	0.00001
Maricurvus	1122283	G	389	1	390	0.00001
Agarilytica	2036021	G	274	2	276	0.00001
Marinimicrobium	359337	G	213	2	215	0.00000
Microbulbifer	48073	G	8556	13	8569	0.00016
Halioglobus	1217416	G	665	15	680	0.00001
Congregibacter	393661	G	459	28	487	0.00001
Aequoribacter	2847769	G	164	14	178	0.00000
Candidatus Paraluminiphilus	3040948	G	161	3	164	0.00000
Luminiphilus	1341118	G	122	2	124	0.00000
Kineobactrum	2678529	G	95	3	98	0.00000
Spongiibacter	630749	G	478	8	486	0.00001
Zhongshania	1434050	G	395	1	396	0.00001
Oceanicoccus	1084558	G	32	0	32	0.00000
Porticoccus	1123967	G	20	0	20	0.00000
Rheinheimera	67575	G	1884	6	1890	0.00004
Thiorhodovibrio	61593	G	1390	106	1496	0.00003
Nitrosococcus	1227	G	1096	27	1123	0.00002
Thiocapsa	1056	G	446	57	503	0.00001
Thioflavicoccus	156885	G	424	39	463	0.00001
Caldichromatium	2828366	G	402	83	485	0.00001
Thiodictyon	53392	G	255	21	276	0.00001
Candidatus Nitrosacidococcus	2796146	G	220	15	235	0.00000
Thermochromatium	85073	G	212	49	261	0.00000
Marichromatium	85076	G	185	48	233	0.00000
Thiocystis	13724	G	115	19	134	0.00000
Allochromatium	85072	G	111	29	140	0.00000
Candidatus Nitrosoglobus	1980513	G	102	10	112	0.00000
Ectothiorhodospira	1051	G	1040	60	1100	0.00002
Thioalkalivibrio	106633	G	833	19	852	0.00002
Acidihalobacter	1765964	G	637	8	645	0.00001
Sediminicurvatus	3383961	G	542	19	561	0.00001
Halorhodospira	85108	G	455	0	455	0.00001
Spiribacter	1335745	G	414	22	436	0.00001
Aquisalimonas	406099	G	211	3	214	0.00000
Ectothiorhodosinus	233099	G	194	23	217	0.00000
Alkalilimnicola	133193	G	176	8	184	0.00000
Halothiobacillus	109262	G	1455	9	1464	0.00003
Thiosocius	2780488	G	608	1	609	0.00001
Candidatus Thiodiazotropha	1913444	G	284	1	285	0.00001
Magnetovirga	3425870	G	210	0	210	0.00000
Candidatus Endoriftia	393764	G	131	1	132	0.00000
Sedimenticola	349742	G	62	0	62	0.00000
Thiolapillus	1608298	G	36	0	36	0.00000
Granulosicoccus	437504	G	575	0	575	0.00001
Sulfuriflexus	1860077	G	407	1	408	0.00001
Guyparkeria	2035712	G	335	3	338	0.00001
Wenzhouxiangella	1676142	G	301	0	301	0.00001
Methylophaga	40222	G	2014	13	2027	0.00004
Thiomicrorhabdus	2039723	G	965	47	1012	0.00002
Hydrogenovibrio	28884	G	898	120	1018	0.00002
Thiomicrospira	933	G	647	148	795	0.00002
Thiosulfativibrio	2781120	G	504	30	534	0.00001
Piscirickettsia	1237	G	485	0	485	0.00001
Thiosulfatimonas	2781121	G	378	31	409	0.00001
Cycloclasticus	34067	G	155	0	155	0.00000
Francisella	262	G	2842	431	3273	0.00006
Allofrancisella	1869285	G	22	7	29	0.00000
Thiothrix	1030	G	2712	1	2713	0.00005
Beggiatoa	1021	G	153	0	153	0.00000
Cysteiniphilum	2056696	G	617	0	617	0.00001
Gilliamella	1193503	G	4719	83	4802	0.00009
Orbus	743714	G	2904	29	2933	0.00006
Zophobihabitans	2894762	G	1262	9	1271	0.00002
Utexia	3373510	G	1013	12	1025	0.00002
Frischella	1335631	G	1006	49	1055	0.00002
Methylomonas	416	G	4100	6	4106	0.00008
Methylococcus	413	G	2351	13	2364	0.00004
Methylotuvimicrobium	2822410	G	1051	3	1054	0.00002
Methylocaldum	73778	G	683	3	686	0.00001
Methylogaea	1295378	G	578	2	580	0.00001
Methylobacter	429	G	361	3	364	0.00001
Methyloprofundus	1565313	G	247	0	247	0.00000
Methylomarinum	1221209	G	234	2	236	0.00000
Methylomagnum	1760987	G	228	0	228	0.00000
Methylomicrobium	39773	G	104	0	104	0.00000
Candidatus Methylospira	1808977	G	68	0	68	0.00000
Candidatus Methylocalor	3135206	G	44	0	44	0.00000
Methylovulum	762296	G	28	0	28	0.00000
Methylomarinovum	1486720	G	238	0	238	0.00000
Legionella	445	G	7405	80	7485	0.00014
Fluoribacter	461	G	67	8	75	0.00000
Rickettsiella	59195	G	1453	461	1914	0.00004
Aquicella	254245	G	160	0	160	0.00000
Coxiella	776	G	98	0	98	0.00000
Candidiatus Paracoxiella	3405119	G	21	0	21	0.00000
Candidatus Pseudothioglobus	2841677	G	933	110	1043	0.00002
Candidatus Ruthturnera	1541743	G	151	14	165	0.00000
Candidatus Thioglobus	655184	G	130	54	184	0.00000
Candidatus Vesicomyidisocius	2732587	G	81	0	81	0.00000
Candidatus Palibaumannia	198346	G	281	520	801	0.00002
Candidatus Vondammii	2686004	G	14	0	14	0.00000
Celerinatantimonas	412033	G	234	0	234	0.00000
Candidatus Steffania	1076625	G	137	0	137	0.00000
Candidatus Reidiella	2738850	G	22	0	22	0.00000
Ignatzschineria	112008	G	882	5	887	0.00002
Wohlfahrtiimonas	582472	G	716	9	725	0.00001
Cardiobacterium	2717	G	298	0	298	0.00001
Suttonella	13275	G	102	0	102	0.00000
Solimonas	413435	G	426	4	430	0.00001
Hydrocarboniphaga	243627	G	374	6	380	0.00001
Flagellatimonas	2893022	G	196	4	200	0.00000
Sinimarinibacterium	1861863	G	161	3	164	0.00000
Nevskia	64001	G	158	4	162	0.00000
Algiphilus	1266053	G	161	1	162	0.00000
Kangiella	261963	G	848	0	848	0.00002
Thiohalobacter	1273155	G	566	0	566	0.00001
Acidiferrobacter	986106	G	306	0	306	0.00001
Sulfuricaulis	1744881	G	153	0	153	0.00000
Sulfurifustis	1692042	G	102	0	102	0.00000
Immundisolibacter	1934947	G	545	310	855	0.00002
Salinisphaera	180541	G	216	0	216	0.00000
Candidatus Portiera	235572	G	152	0	152	0.00000
Sulfurivermis	2034504	G	109	2	111	0.00000
Candidatus Spongiihabitans	3033996	G	104	0	104	0.00000
Steroidobacter	469322	G	85	0	85	0.00000
Woeseia	1738655	G	60	0	60	0.00000
Candidatus Rariloculus ( ex Nguyen 2022)	2978114	G	54	0	54	0.00000
Candidatus Comchoanobacter	2975286	G	25	0	25	0.00000
Comamonas	283	G	7857988	343470	8201458	0.15538
Delftia	80865	G	1908495	328960	2237455	0.04239
Acidovorax	12916	G	462100	36076	498176	0.00944
Diaphorobacter	238749	G	137701	23498	161199	0.00305
Variovorax	34072	G	135659	4243	139902	0.00265
Rhodoferax	28065	G	128916	2557	131473	0.00249
Hydrogenophaga	47420	G	92269	5077	97346	0.00184
Limnohabitans	665874	G	83162	1096	84258	0.00160
Polaromonas	52972	G	53463	348	53811	0.00102
Alicycliphilus	201096	G	41865	11071	52936	0.00100
Ottowia	219181	G	38416	1160	39576	0.00075
Paracidovorax	3051137	G	24757	3601	28358	0.00054
Melaminivora	1649468	G	16848	1124	17972	0.00034
Simplicispira	352450	G	15058	1116	16174	0.00031
Vandammella	2919468	G	13956	123	14079	0.00027
Paenacidovorax	3051138	G	10053	749	10802	0.00020
Ramlibacter	174951	G	8286	182	8468	0.00016
Pulveribacter	2678886	G	7440	393	7833	0.00015
Verminephrobacter	364316	G	7104	54	7158	0.00014
Serpentinimonas	2490452	G	5581	75	5656	0.00011
Curvibacter	281915	G	5357	649	6006	0.00011
Hylemonella	232523	G	5253	64	5317	0.00010
Brachymonas	28219	G	4136	85	4221	0.00008
Candidatus Symbiobacter	1436289	G	1942	2	1944	0.00004
Achromobacter	222	G	111635	5852	117487	0.00223
Bordetella	517	G	25638	1807	27445	0.00052
Alcaligenes	507	G	24672	663	25335	0.00048
Pigmentiphaga	152267	G	4955	57	5012	0.00009
Advenella	290425	G	2777	98	2875	0.00005
Pollutimonas	2987599	G	2692	551	3243	0.00006
Castellaniella	359336	G	2392	80	2472	0.00005
Orrella	1921582	G	2065	131	2196	0.00004
Neopusillimonas	2987605	G	1523	156	1679	0.00003
Ampullimonas	1920247	G	1381	31	1412	0.00003
Pusillimonas	305976	G	1151	86	1237	0.00002
Kerstersia	257820	G	1150	54	1204	0.00002
Paralcaligenes	1148163	G	1146	14	1160	0.00002
Parapusillimonas	1403714	G	827	150	977	0.00002
Oligella	90243	G	601	15	616	0.00001
Pelistega	106146	G	525	7	532	0.00001
Paenalcaligenes	1100891	G	382	16	398	0.00001
Taylorella	29574	G	161	16	177	0.00000
Basilea	1472344	G	73	0	73	0.00000
Cupriavidus	106589	G	42415	2246	44661	0.00085
Burkholderia	32008	G	28736	3533	32269	0.00061
Paraburkholderia	1822464	G	26912	905	27817	0.00053
Polynucleobacter	44013	G	20724	21	20745	0.00039
Ralstonia	48736	G	15780	1570	17350	0.00033
Pandoraea	93217	G	8999	377	9376	0.00018
Caballeronia	1827195	G	3913	630	4543	0.00009
Limnobacter	131079	G	3641	9	3650	0.00007
Imbroritus	3422601	G	1453	111	1564	0.00003
Mycetohabitans	2571159	G	1240	10	1250	0.00002
Pararobbsia	2718863	G	825	12	837	0.00002
Mycoavidus	1810868	G	749	2	751	0.00001
Robbsia	2038280	G	525	9	534	0.00001
Trinickia	2571160	G	473	16	489	0.00001
Lautropia	47670	G	315	3	318	0.00001
Ephemeroptericola	2680021	G	267	1	268	0.00001
Candidatus Vallotiella	2018044	G	126	1	127	0.00000
Massilia	149698	G	14331	1345	15676	0.00030
Pseudoduganella	1522432	G	11309	1176	12485	0.00024
Duganella	75654	G	4650	481	5131	0.00010
Rugamonas	212744	G	1553	278	1831	0.00003
Telluria	34069	G	922	261	1183	0.00002
Janthinobacterium	29580	G	13618	1059	14677	0.00028
Herbaspirillum	963	G	10244	389	10633	0.00020
Undibacterium	401469	G	4979	104	5083	0.00010
Collimonas	202907	G	4230	141	4371	0.00008
Herminiimonas	303379	G	1367	42	1409	0.00003
Actimicrobium	1051898	G	1035	61	1096	0.00002
Oxalobacter	846	G	864	14	878	0.00002
Noviherbaspirillum	1344552	G	784	25	809	0.00002
Glaciimonas	1229970	G	606	28	634	0.00001
Candidatus Zinderia	884214	G	26	0	26	0.00000
Roseateles	93681	G	24784	829	25613	0.00049
Piscinibacter	1114981	G	3922	88	4010	0.00008
Caldimonas	196013	G	3593	232	3825	0.00007
Rubrivivax	28067	G	2372	112	2484	0.00005
Sphaerotilus	34102	G	2296	137	2433	0.00005
Inhella	644355	G	2050	70	2120	0.00004
Methylibium	316612	G	1850	122	1972	0.00004
Ideonella	36862	G	1049	129	1178	0.00002
Leptothrix	88	G	775	43	818	0.00002
Aquincola	391952	G	726	95	821	0.00002
Azohydromonas	312063	G	92	0	92	0.00000
Tepidimonas	114248	G	3813	88	3901	0.00007
Xylophilus	54066	G	3725	76	3801	0.00007
Aquabacterium	92793	G	3205	105	3310	0.00006
Thiomonas	32012	G	2040	4	2044	0.00004
Eleftheria	1597779	G	824	14	838	0.00002
Piscinibacterium	2066914	G	665	2	667	0.00001
Rhizobacter	212743	G	409	8	417	0.00001
Candidatus Ichthyocystis	2929841	G	39	0	39	0.00000
Sutterella	40544	G	1196	10	1206	0.00002
Turicimonas	1918598	G	66	1	67	0.00000
Duodenibacillus	1980697	G	31	0	31	0.00000
Neisseria	482	G	7552	680	8232	0.00016
Vitreoscilla	59	G	2616	64	2680	0.00005
Kingella	32257	G	1122	117	1239	0.00002
Uruburuella	299568	G	964	46	1010	0.00002
Eikenella	538	G	775	93	868	0.00002
Wielerella	2944815	G	554	43	597	0.00001
Conchiformibius	334107	G	520	15	535	0.00001
Snodgrassella	1193515	G	483	12	495	0.00001
Alysiella	194195	G	327	34	361	0.00001
Simonsiella	71	G	324	27	351	0.00001
Paralysiella	2898489	G	305	13	318	0.00001
Crenobacter	1654931	G	241	12	253	0.00000
Bergeriella	334108	G	95	23	118	0.00000
Aquella	2593687	G	79	0	79	0.00000
Chromobacterium	535	G	7475	119	7594	0.00014
Aquitalea	407217	G	2891	94	2985	0.00006
Paludibacterium	400060	G	1186	20	1206	0.00002
Vogesella	57739	G	767	25	792	0.00002
Pseudogulbenkiania	568394	G	723	23	746	0.00001
Chitinibacter	230666	G	1912	121	2033	0.00004
Jeongeupia	885864	G	1836	80	1916	0.00004
Iodobacter	32014	G	1244	45	1289	0.00002
Chitinolyticbacter	1055692	G	936	58	994	0.00002
Silvimonas	300264	G	895	15	910	0.00002
Deefgea	400947	G	848	67	915	0.00002
Chitinimonas	240411	G	610	10	620	0.00001
Chitiniphilus	585890	G	306	12	318	0.00001
Aquaspirillum	187	G	637	15	652	0.00001
Laribacter	168470	G	463	62	525	0.00001
Microvirgula	57479	G	158	3	161	0.00000
Thauera	33057	G	4692	322	5014	0.00009
Azoarcus	12960	G	2114	183	2297	0.00004
Nitrogeniibacter	2891294	G	1050	10	1060	0.00002
Parazoarcus	2891322	G	614	19	633	0.00001
Pseudothauera	2891324	G	371	15	386	0.00001
Pseudazoarcus	2891323	G	63	1	64	0.00000
Dechloromonas	73029	G	2244	165	2409	0.00005
Azonexus	146936	G	1422	235	1657	0.00003
Ferribacterium	88875	G	960	13	973	0.00002
Quatrionicoccus	138117	G	322	20	342	0.00001
Aromatoleum	551759	G	1799	205	2004	0.00004
Azospira	146937	G	1698	51	1749	0.00003
Oryzomicrobium	1911577	G	745	27	772	0.00001
Niveibacterium	1769726	G	659	5	664	0.00001
Fluviibacter	2808942	G	269	3	272	0.00001
Methylophilus	16	G	1673	8	1681	0.00003
Candidatus Methylopumilus	1679002	G	1493	19	1512	0.00003
Methylovorus	81682	G	1171	6	1177	0.00002
Methylobacillus	404	G	1039	30	1069	0.00002
Methyloradius	2872156	G	877	8	885	0.00002
Methylotenera	359407	G	800	7	807	0.00002
Methyloversatilis	378210	G	1270	10	1280	0.00002
Sterolibacterium	157591	G	934	16	950	0.00002
Denitratisoma	311181	G	844	45	889	0.00002
Sulfuricystis	3050898	G	370	7	377	0.00001
Rugosibacter	1914449	G	256	4	260	0.00000
Sulfuritalea	1054211	G	159	1	160	0.00000
Nitrosomonas	914	G	1500	57	1557	0.00003
Nitrosospira	35798	G	907	1	908	0.00002
Ferriphaselus	1443590	G	737	27	764	0.00001
Sideroxydans	314343	G	689	28	717	0.00001
Candidatus Nitrotoga	453161	G	279	6	285	0.00001
Ferrigenium	2249462	G	216	6	222	0.00000
Sideroxyarcus	2943286	G	188	12	200	0.00000
Gallionella	96	G	31	0	31	0.00000
Sulfuriferula	1778653	G	1331	18	1349	0.00003
Sulfurimicrobium	2772198	G	411	2	413	0.00001
Sulfuricella	935200	G	112	0	112	0.00000
Thiobacillus	919	G	367	4	371	0.00001
Sulfuritortus	1938335	G	147	11	158	0.00000
Usitatibacter	2803845	G	447	1	448	0.00001
Candidatus Kinetoplastidibacterium	33055	G	460	1	461	0.00001
Candidatus Accumulibacter	327159	G	347	4	351	0.00001
Chitinivorax	1433992	G	327	5	332	0.00001
Casimicrobium	2706000	G	59	1	60	0.00000
Candidatus Profftella	1381133	G	22	0	22	0.00000
Ferrovum	416212	G	650	1	651	0.00001
Caulobacter	75	G	602810	5938	608748	0.01153
Brevundimonas	41275	G	205290	9532	214822	0.00407
Phenylobacterium	20	G	5664	59	5723	0.00011
Asticcacaulis	76890	G	1601	7	1608	0.00003
Terricaulis	2768684	G	59	0	59	0.00000
Agrobacterium	357	G	336593	22246	358839	0.00680
Rhizobium	379	G	74885	8415	83300	0.00158
Neorhizobium	1525371	G	3606	37	3643	0.00007
Pararhizobium	1612611	G	3232	50	3282	0.00006
Allorhizobium	78526	G	564	52	616	0.00001
Pseudorhizobium	1903858	G	125	3	128	0.00000
Shinella	323620	G	26325	435	26760	0.00051
Sinorhizobium	28105	G	6448	91	6539	0.00012
Ensifer	106591	G	2956	52	3008	0.00006
Hoeflea	274591	G	1344	9	1353	0.00003
Georhizobium	2661800	G	757	5	762	0.00001
Peteryoungia	2853332	G	298	1	299	0.00001
Ciceribacter	1648508	G	188	3	191	0.00000
Terrirhizobium	3464117	G	182	1	183	0.00000
Lentilitoribacter	1649463	G	149	0	149	0.00000
Liberibacter	34019	G	137	1	138	0.00000
Brucella	234	G	87331	14094	101425	0.00192
Ochrobactrum	528	G	10050	5781	15831	0.00030
Pseudochrobactrum	354349	G	17149	253	17402	0.00033
Bradyrhizobium	374	G	24876	492	25368	0.00048
Tardiphaga	1395974	G	3226	105	3331	0.00006
Rhodopseudomonas	1073	G	2501	166	2667	0.00005
Afipia	1033	G	630	698	1328	0.00003
Nitrobacter	911	G	400	9	409	0.00001
Rugositalea	3466653	G	116	0	116	0.00000
Variibacter	1649510	G	67	0	67	0.00000
Mesorhizobium	68287	G	16561	400	16961	0.00032
Aminobacter	31988	G	2625	331	2956	0.00006
Nitratireductor	245876	G	1968	36	2004	0.00004
Phyllobacterium	28100	G	1616	7	1623	0.00003
Terribium	3143704	G	317	15	332	0.00001
Aquibium	2911176	G	240	3	243	0.00000
Chelativorans	449972	G	168	6	174	0.00000
Methylorubrum	2282523	G	11481	747	12228	0.00023
Methylobacterium	407	G	6462	107	6569	0.00012
Microvirga	186650	G	1417	4	1421	0.00003
Xanthobacter	279	G	4830	636	5466	0.00010
Ancylobacter	99	G	3547	251	3798	0.00007
Aquabacter	45402	G	1610	16	1626	0.00003
Azorhizobium	6	G	1231	32	1263	0.00002
Pseudolabrys	556257	G	667	3	670	0.00001
Labrys	204476	G	596	2	598	0.00001
Starkeya	152053	G	352	6	358	0.00001
Devosia	46913	G	10201	92	10293	0.00020
Pelagibacterium	1082930	G	955	34	989	0.00002
Paradevosia	1573407	G	887	48	935	0.00002
Maritalea	623276	G	189	0	189	0.00000
Mariluticola	3064792	G	172	0	172	0.00000
Aureimonas	414371	G	9851	382	10233	0.00019
Martelella	293088	G	1104	48	1152	0.00002
Antarcticirhabdus	3042730	G	331	5	336	0.00001
Jiella	1775688	G	167	1	168	0.00000
Aurantimonas	182269	G	106	1	107	0.00000
Bosea	85413	G	10879	52	10931	0.00021
Kaistia	166953	G	8616	76	8692	0.00016
Bauldia	1145345	G	78	0	78	0.00000
Roseibium	150830	G	2076	429	2505	0.00005
Stappia	152161	G	1094	38	1132	0.00002
Pannonibacter	227873	G	656	137	793	0.00002
Breoghania	1406135	G	599	3	602	0.00001
Labrenzia	478070	G	358	73	431	0.00001
Pseudovibrio	258255	G	161	0	161	0.00000
Bartonella	773	G	3748	5	3753	0.00007
Methylocystis	133	G	1309	17	1326	0.00003
Methylosinus	425	G	640	12	652	0.00001
Hyphomicrobium	81	G	1011	5	1016	0.00002
Rhodomicrobium	1068	G	335	2	337	0.00001
Methyloligella	1485594	G	234	1	235	0.00000
Methyloceanibacter	1484898	G	39	0	39	0.00000
Filomicrobium	119044	G	29	0	29	0.00000
Pleomorphomonas	261933	G	885	12	897	0.00002
Hartmannibacter	1572860	G	671	18	689	0.00001
Reyranella	445219	G	1461	3	1464	0.00003
Pseudorhodoplanes	1734920	G	421	1	422	0.00001
Nordella	169055	G	306	0	306	0.00001
Terrihabitans	2874214	G	238	1	239	0.00000
Enhydrobacter	212791	G	202	0	202	0.00000
Candidatus Endowatersipora	376743	G	172	0	172	0.00000
Candidatus Hodgkinia	573657	G	36	0	36	0.00000
Oricola	1594166	G	828	12	840	0.00002
Roseitalea	1915401	G	145	2	147	0.00000
Ahrensia	152180	G	138	0	138	0.00000
Oceaniradius	2679892	G	108	17	125	0.00000
Acuticoccus	1904377	G	998	3	1001	0.00002
Chelatococcus	28209	G	863	5	868	0.00002
Parvibaculum	256616	G	257	17	274	0.00001
Pyruvatibacter	1742974	G	180	0	180	0.00000
Candidatus Phaeomarinibacter	1541445	G	176	0	176	0.00000
Kaustia	2838250	G	128	0	128	0.00000
Anderseniella	444432	G	55	0	55	0.00000
Tepidicaulis	1742977	G	41	6	47	0.00000
Cohaesibacter	655352	G	834	3	837	0.00002
Phreatobacter	1632780	G	765	3	768	0.00001
Methylocella	120652	G	343	5	348	0.00001
Methylovirgula	1156568	G	178	2	180	0.00000
Methylocapsa	184923	G	151	2	153	0.00000
Beijerinckia	532	G	81	1	82	0.00000
Chenggangzhangella	2041902	G	549	2	551	0.00001
Salinarimonas	690086	G	264	1	265	0.00001
Coralliovum	3228940	G	262	0	262	0.00000
Blastochloris	59282	G	262	2	264	0.00001
Alsobacter	1502180	G	235	1	236	0.00000
Terrirubrum	3142786	G	216	0	216	0.00000
Methyloraptor	3382645	G	147	1	148	0.00000
Salaquimonas	2712688	G	116	0	116	0.00000
Lichenihabitans	2723776	G	95	0	95	0.00000
Rhodoligotrophos	987053	G	85	0	85	0.00000
Aestuariivirga	2650923	G	80	0	80	0.00000
Afifella	643217	G	45	1	46	0.00000
Sphingomonas	13687	G	20298	1206	21504	0.00041
Novosphingobium	165696	G	8109	774	8883	0.00017
Citromicrobium	72173	G	301	22	323	0.00001
Stakelama	1124625	G	269	6	275	0.00001
Alterisphingorhabdus (ex Yan et al. 2024)	3382518	G	118	0	118	0.00000
Hankyongella	1763827	G	113	4	117	0.00000
Sphingosinithalassobacter	2676233	G	106	2	108	0.00000
Parablastomonas	1654718	G	83	1	84	0.00000
Tardibacter	2685927	G	16	8	24	0.00000
Sphingobium	165695	G	8489	1821	10310	0.00020
Erythrobacter	1041	G	1538	108	1646	0.00003
Porphyrobacter	1111	G	315	23	338	0.00001
Qipengyuania	1855416	G	1115	114	1229	0.00002
Caenibius	2827482	G	769	14	783	0.00001
Croceicoccus	1295327	G	668	53	721	0.00001
Altererythrobacter	361177	G	597	52	649	0.00001
Croceibacterium	2676755	G	488	16	504	0.00001
Aurantiacibacter	2800681	G	460	41	501	0.00001
Pelagerythrobacter	2800685	G	412	94	506	0.00001
Tsuneonella	2800686	G	268	12	280	0.00001
Pseudoblastomonas	3423750	G	184	22	206	0.00000
Parerythrobacter	2800684	G	42	1	43	0.00000
Paraurantiacibacter	2800682	G	10	0	10	0.00000
Sphingopyxis	165697	G	5253	202	5455	0.00010
Parasphingorhabdus	2709685	G	1655	1	1656	0.00003
Sphingorhabdus	1434046	G	496	0	496	0.00001
Novosphingopyxis	2709686	G	169	4	173	0.00000
Blastomonas	150203	G	1266	25	1291	0.00002
Sphingosinicella	335405	G	498	22	520	0.00001
Glacieibacterium	2860235	G	295	15	310	0.00001
Polymorphobacter	1508451	G	150	2	152	0.00000
Sandaracinobacteroides	2883109	G	144	0	144	0.00000
Rhizorhabdus	1649486	G	619	166	785	0.00001
Alterirhizorhabdus	3423723	G	180	1	181	0.00000
Allosphingosinicella	2823232	G	382	2	384	0.00001
Sphingomicrobium	1227948	G	283	2	285	0.00001
Zymomonas	541	G	319	30	349	0.00001
Parasphingopyxis	1234545	G	135	0	135	0.00000
Aquisediminimonas	2676781	G	25	0	25	0.00000
Paracoccus	265	G	12892	1335	14227	0.00027
Thioclava	285107	G	1371	63	1434	0.00003
Pseudooceanicola	1679449	G	1038	60	1098	0.00002
Frigidibacter	1775705	G	833	178	1011	0.00002
Tabrizicola	1443919	G	735	68	803	0.00002
Aliiroseovarius	1658781	G	630	19	649	0.00001
Pukyongiella	2831925	G	607	159	766	0.00001
Tritonibacter	2083206	G	578	121	699	0.00001
Gemmobacter	204456	G	538	74	612	0.00001
Yoonia	2211641	G	471	18	489	0.00001
Rhodovulum	34008	G	449	33	482	0.00001
Cognatishimia	2211635	G	391	6	397	0.00001
Abyssibius	3029205	G	390	12	402	0.00001
Cereibacter	1653176	G	382	70	452	0.00001
Parasedimentitalea	2738399	G	380	7	387	0.00001
Amylibacter	1617805	G	354	3	357	0.00001
Pseudoroseicyclus	1813601	G	350	7	357	0.00001
Paroceanicella	2683599	G	345	80	425	0.00001
Pelagovum	2795377	G	288	11	299	0.00001
Gymnodinialimonas	2937410	G	287	5	292	0.00001
Polymorphum	991903	G	282	41	323	0.00001
Pseudogemmobacter	2663134	G	266	8	274	0.00001
Pseudopelagicola	1649483	G	233	0	233	0.00000
Silicimonas	1955420	G	229	2	231	0.00000
Fuscovulum	2818469	G	226	36	262	0.00000
Pontivivens	1844015	G	206	10	216	0.00000
Roseinatronobacter	121820	G	200	2	202	0.00000
Roseicitreum	1209946	G	185	1	186	0.00000
Arenibacterium	2824249	G	182	30	212	0.00000
Aestuariibius	2109360	G	172	2	174	0.00000
Pacificitalea	2846749	G	171	36	207	0.00000
Haematobacter	366614	G	158	73	231	0.00000
Paragemmobacter	3143992	G	137	14	151	0.00000
Marivivens	1759396	G	131	9	140	0.00000
Marinibacterium	1931200	G	124	7	131	0.00000
Amaricoccus	56999	G	121	3	124	0.00000
Neotabrizicola	2946607	G	121	21	142	0.00000
Limimaricola	2211638	G	114	7	121	0.00000
Falsirhodobacter	1434002	G	83	4	87	0.00000
Brevirhabdus	1855413	G	76	41	117	0.00000
Pseudorhodobacter	238783	G	73	1	74	0.00000
Qingshengfaniella	2816884	G	66	1	67	0.00000
Aquicoccus	2055850	G	60	1	61	0.00000
Nioella	1775424	G	55	0	55	0.00000
Planktomarina	1284657	G	44	1	45	0.00000
Algicella	3050722	G	44	0	44	0.00000
Albidovulum	205889	G	42	0	42	0.00000
Profundibacter	2778525	G	38	0	38	0.00000
Pikeienuella	2831955	G	37	1	38	0.00000
Vannielia	2813041	G	34	0	34	0.00000
Pseudophaeobacter	1541822	G	27	8	35	0.00000
Fontisubflavum	3118803	G	24	0	24	0.00000
Sulfitobacter	60136	G	2811	516	3327	0.00006
Roseovarius	74030	G	2190	133	2323	0.00004
Phaeobacter	302485	G	1362	266	1628	0.00003
Pseudosulfitobacter	2854186	G	1035	286	1321	0.00003
Ruegeria	97050	G	942	75	1017	0.00002
Leisingera	191028	G	892	68	960	0.00002
Marinovum	367771	G	800	109	909	0.00002
Thalassovita	335927	G	646	15	661	0.00001
Roseobacter	2433	G	555	18	573	0.00001
Tateyamaria	299261	G	527	11	538	0.00001
Celeribacter	875170	G	507	172	679	0.00001
Alloyangia	2919626	G	503	21	524	0.00001
Salipiger	263377	G	491	147	638	0.00001
Ketogulonicigenium	92944	G	461	36	497	0.00001
Roseivivax	93682	G	443	73	516	0.00001
Jannaschia	188905	G	434	6	440	0.00001
Falsihalocynthiibacter	2854182	G	380	4	384	0.00001
Sagittula	58842	G	373	91	464	0.00001
Roseicyclus	336277	G	336	4	340	0.00001
Rhodophyticola	2680018	G	295	2	297	0.00001
Loktanella	245186	G	244	5	249	0.00000
Octadecabacter	53945	G	220	7	227	0.00000
Marivita	659428	G	217	3	220	0.00000
Seohaeicola	481178	G	203	0	203	0.00000
Shimia	573139	G	196	5	201	0.00000
Mameliella	1434019	G	186	15	201	0.00000
Ponticoccus	983507	G	147	9	156	0.00000
Tropicibacter	599653	G	138	3	141	0.00000
Dinoroseobacter	309512	G	119	68	187	0.00000
Lentibacter	1434014	G	115	9	124	0.00000
Palleronia	315422	G	112	1	113	0.00000
Nereida	282198	G	108	0	108	0.00000
Antarctobacter	74032	G	85	1	86	0.00000
Actibacterium	1433986	G	68	45	113	0.00000
Algirhabdus	3412738	G	51	0	51	0.00000
Pelagimonas	1434029	G	50	2	52	0.00000
Aliisedimentitalea	1697958	G	35	3	38	0.00000
Oceanicola	252301	G	35	0	35	0.00000
Thalassococcus	436357	G	32	0	32	0.00000
Thalassobacter	266808	G	28	0	28	0.00000
Rhodobacter	1060	G	1306	62	1368	0.00003
Azospirillum	191	G	5425	66	5491	0.00010
Niveispirillum	1543704	G	783	25	808	0.00002
Skermanella	204447	G	546	69	615	0.00001
Nitrospirillum	1543705	G	370	6	376	0.00001
Indioceanicola	2478349	G	235	4	239	0.00000
Magnetospirillum	13134	G	785	99	884	0.00002
Ferrovibrio	1231242	G	666	2	668	0.00001
Candidatus Endolissoclinum	1263978	G	500	0	500	0.00001
Aerophototrophica	2811387	G	470	4	474	0.00001
Rhodospirillum	1081	G	410	7	417	0.00001
Pararhodospirillum	1612157	G	110	0	110	0.00000
Defluviicoccus	111830	G	45	0	45	0.00000
Thalassospira	168934	G	2443	16	2459	0.00005
Magnetospira	1182780	G	236	0	236	0.00000
Stella	93	G	725	4	729	0.00001
Pelagibius	643951	G	445	1	446	0.00001
Algihabitans	2821512	G	156	0	156	0.00000
Thalassobaculum	526215	G	386	7	393	0.00001
Nisaea	390876	G	215	2	217	0.00000
Zavarzinia	204446	G	408	1	409	0.00001
Haematospirillum	1804663	G	177	0	177	0.00000
Caenispirillum	414051	G	93	1	94	0.00000
Terasakiella	196080	G	237	0	237	0.00000
Hypericibacter	2705399	G	230	1	231	0.00000
Aestuariispira	1647175	G	147	0	147	0.00000
Hwanghaeella	2605940	G	75	0	75	0.00000
Varunaivibrio	1866954	G	109	0	109	0.00000
Paramagnetospirillum	3031148	G	27	9	36	0.00000
Acetobacter	434	G	1232	42	1274	0.00002
Gluconobacter	441	G	730	28	758	0.00001
Candidatus Kirkpatrickella	3097638	G	724	4	728	0.00001
Rhodovastum	504465	G	556	2	558	0.00001
Komagataeibacter	1434011	G	497	18	515	0.00001
Asaia	91914	G	495	9	504	0.00001
Neoasaia	320496	G	488	6	494	0.00001
Lichenicoccus	2781897	G	386	1	387	0.00001
Nguyenibacter	1519186	G	350	5	355	0.00001
Oecophyllibacter	2791118	G	255	0	255	0.00000
Neokomagataea	1223423	G	234	3	237	0.00000
Pararoseomonas	2870712	G	198	7	205	0.00000
Granulibacter	364409	G	150	1	151	0.00000
Lichenicola	2804525	G	127	0	127	0.00000
Gluconacetobacter	89583	G	110	1	111	0.00000
Rhodopila	1070	G	81	0	81	0.00000
Swingsia	1649499	G	48	1	49	0.00000
Novacetimonas	2919364	G	46	1	47	0.00000
Commensalibacter	1079922	G	43	0	43	0.00000
Acidibrevibacterium	2603324	G	42	0	42	0.00000
Formicincola	2952773	G	23	0	23	0.00000
Kozakia	153497	G	21	0	21	0.00000
Entomobacter	2811380	G	13	0	13	0.00000
Aristophania	3027666	G	13	0	13	0.00000
Roseomonas	125216	G	2512	112	2624	0.00005
Sediminicoccus	1706033	G	622	14	636	0.00001
Humitalea	1223303	G	285	1	286	0.00001
Dankookia	1940143	G	172	1	173	0.00000
Muricoccus	3409995	G	127	1	128	0.00000
Roseococcus	35812	G	73	1	74	0.00000
Acidiphilium	522	G	327	2	329	0.00001
Acidocella	50709	G	47	0	47	0.00000
Acidisoma	512381	G	40	0	40	0.00000
Elioraea	457933	G	292	0	292	0.00001
Wolbachia	953	G	1517	0	1517	0.00003
Ehrlichia	943	G	1130	1	1131	0.00002
Candidatus Mesenet	2883098	G	503	0	503	0.00001
Candidatus Neoehrlichia	467749	G	211	0	211	0.00000
Anaplasma	768	G	62	0	62	0.00000
Candidatus Tisiphia	2996317	G	617	11	628	0.00001
Rickettsia	780	G	568	9	577	0.00001
Orientia	69474	G	207	0	207	0.00000
Candidatus Trichorickettsia	1522201	G	119	0	119	0.00000
Candidatus Megaera	1742636	G	10	0	10	0.00000
Candidatus Phycorickettsia	2115980	G	10	0	10	0.00000
Candidatus Fokinia	1802983	G	687	1	688	0.00001
Candidatus Bandiella	2716172	G	65	0	65	0.00000
Candidatus Lariskella	1175554	G	20	0	20	0.00000
Candidatus Deianiraea	2603321	G	18	6	24	0.00000
Sneathiella	510690	G	1820	4	1824	0.00003
Oceanicaulis	153232	G	666	11	677	0.00001
Hyphobacterium	2004661	G	254	13	267	0.00001
Glycocaulis	1433402	G	159	6	165	0.00000
Maricaulis	74317	G	73	1	74	0.00000
Marinicauda	1649466	G	44	3	47	0.00000
Fretibacter	1649331	G	259	0	259	0.00000
Algimonas	1246884	G	233	0	233	0.00000
Litorimonas	1167830	G	10	0	10	0.00000
Hyphococcus	2038635	G	827	3	830	0.00002
Parvularcula	208215	G	439	7	446	0.00001
Aquisalinus	1795639	G	143	1	144	0.00000
Pseudemcibacter	2943291	G	1135	4	1139	0.00002
Luteithermobacter	2813803	G	170	1	171	0.00000
Emcibacter	1602338	G	48	0	48	0.00000
Paremcibacter	2813804	G	40	0	40	0.00000
Tistrella	171436	G	1109	69	1178	0.00002
Marinivivus	3457535	G	177	0	177	0.00000
Hyphomonas	85	G	801	8	809	0.00002
Candidatus Viadribacter	2892997	G	363	1	364	0.00001
Hirschia	2723	G	30	0	30	0.00000
Candidatus Pelagibacter	198251	G	971	0	971	0.00002
Candidatus Fonsibacter	2045213	G	17	0	17	0.00000
Kordiimonas	288021	G	470	0	470	0.00001
Gimibacter	3058346	G	100	0	100	0.00000
Temperatibacter	1549129	G	56	0	56	0.00000
Candidatus Cytomitobacter	2601574	G	314	0	314	0.00001
Candidatus Bealeia	1920992	G	146	0	146	0.00000
Candidatus Nesciobacter	2601651	G	24	0	24	0.00000
Candidatus Gromoviella	2900571	G	10	0	10	0.00000
Candidatus Odyssella	84646	G	36	0	36	0.00000
Candidatus Bodocaedibacter	3163645	G	13	0	13	0.00000
Candidatus Nucleicultrix	1509243	G	11	0	11	0.00000
Minwuia	2493629	G	489	0	489	0.00001
Radicibacter	3462474	G	350	1	351	0.00001
Candidatus Ponderosibacter	3457287	G	179	0	179	0.00000
Candidatus Puniceispirillum	767891	G	19	0	19	0.00000
Candidatus Levibacter	3457288	G	63	18	81	0.00000
Acidithiobacillus	119977	G	1980	0	1980	0.00004
Thermithiobacillus	119979	G	163	2	165	0.00000
Magnetococcus	162171	G	351	0	351	0.00001
Mariprofundus	377315	G	47	0	47	0.00000
Hydrogenophilus	70774	G	33	0	33	0.00000
Chryseobacterium	59732	G	1519154	20952	1540106	0.02918
Kaistella	2782231	G	3602	37	3639	0.00007
Epilithonimonas	2782229	G	2067	230	2297	0.00004
Empedobacter	59734	G	50048	3177	53225	0.00101
Elizabethkingia	308865	G	6805	557	7362	0.00014
Apibacter	1778601	G	2196	3	2199	0.00004
Riemerella	34084	G	1003	33	1036	0.00002
Faecalibacter	2766734	G	906	15	921	0.00002
Ornithobacterium	28250	G	865	16	881	0.00002
Cloacibacterium	501783	G	837	83	920	0.00002
Cruoricaptor	1433995	G	627	29	656	0.00001
Bergeyella	59735	G	611	15	626	0.00001
Marnyiella	3088764	G	282	4	286	0.00001
Weeksella	1013	G	133	12	145	0.00000
Flavobacterium	237	G	1020034	11436	1031470	0.01954
Myroides	76831	G	67943	1626	69569	0.00132
Polaribacter	52959	G	9518	537	10055	0.00019
Tenacibaculum	104267	G	8152	383	8535	0.00016
Flagellimonas	444459	G	6187	267	6454	0.00012
Maribacter	252356	G	6070	238	6308	0.00012
Aquimarina	290174	G	5409	139	5548	0.00011
Capnocytophaga	1016	G	4863	74	4937	0.00009
Winogradskyella	286104	G	3997	234	4231	0.00008
Cellulophaga	104264	G	2806	129	2935	0.00006
Formosa	225842	G	2750	182	2932	0.00006
Zobellia	112040	G	2221	43	2264	0.00004
Mariniflexile	527198	G	2090	124	2214	0.00004
Dokdonia	326319	G	2058	29	2087	0.00004
Christiangramia	292691	G	2045	119	2164	0.00004
Lutibacter	358023	G	2039	43	2082	0.00004
Antarcticibacterium	2058174	G	1989	106	2095	0.00004
Aequorivita	153265	G	1923	63	1986	0.00004
Leeuwenhoekiella	283735	G	1920	177	2097	0.00004
Nonlabens	363408	G	1800	76	1876	0.00004
Aestuariibaculum	1386924	G	1609	50	1659	0.00003
Amniculibacterium	2715289	G	1509	227	1736	0.00003
Algibacter	261827	G	1476	91	1567	0.00003
Kordia	221065	G	1453	23	1476	0.00003
Lacinutrix	291183	G	1372	106	1478	0.00003
Sinomicrobium	1434045	G	1240	4	1244	0.00002
Flavivirga	1209327	G	1222	20	1242	0.00002
Zunongwangia	417127	G	1173	354	1527	0.00003
Siansivirga	1204360	G	1160	63	1223	0.00002
Seonamhaeicola	1649495	G	1155	41	1196	0.00002
Allomuricauda	111500	G	1134	46	1180	0.00002
Allotamlana	3400365	G	842	26	868	0.00002
Euzebyella	1287916	G	832	209	1041	0.00002
Imtechella	1165076	G	789	16	805	0.00002
Croceibacter	216431	G	783	70	853	0.00002
Psychroserpens	49277	G	727	247	974	0.00002
Galbibacter	379068	G	717	18	735	0.00001
Aureibaculum	2706948	G	710	25	735	0.00001
Tamlana	393005	G	690	208	898	0.00002
Arenibacter	178469	G	686	156	842	0.00002
Gilvibacter	379070	G	670	75	745	0.00001
Psychroflexus	83612	G	647	11	658	0.00001
Daejeonia	2027867	G	593	78	671	0.00001
Costertonia	343334	G	497	71	568	0.00001
Hwangdonia	1649460	G	486	47	533	0.00001
Patiriisocius	2822394	G	477	23	500	0.00001
Marixanthomonas	387658	G	461	60	521	0.00001
Vaginella	1935184	G	455	76	531	0.00001
Salegentibacter	143222	G	449	96	545	0.00001
Olleya	336276	G	448	107	555	0.00001
Zhouia	561555	G	441	44	485	0.00001
Thalassobellus	3400333	G	389	20	409	0.00001
Changchengzhania	2049301	G	372	8	380	0.00001
Mesoflavibacter	444051	G	366	22	388	0.00001
Constantimarinum	2907134	G	352	14	366	0.00001
Candidatus Marifrigoribacter	3457289	G	339	15	354	0.00001
Paenimyroides	3085669	G	333	317	650	0.00001
Rasiella	2987594	G	324	10	334	0.00001
Robiginitalea	252306	G	300	2	302	0.00001
Flaviramulus	369400	G	294	21	315	0.00001
Ulvibacterium	2665910	G	279	0	279	0.00001
Candidatus Arcticimaribacter	2953860	G	271	11	282	0.00001
Wenyingzhuangia	1518147	G	267	11	278	0.00001
Mangrovimonas	1211036	G	252	10	262	0.00000
Muriicola	762641	G	247	2	249	0.00000
Pontimicrobium	2918913	G	231	21	252	0.00000
Gillisia	244698	G	219	49	268	0.00001
Oceanihabitans	2045416	G	217	36	253	0.00000
Abyssalbus	2967089	G	187	2	189	0.00000
Pseudotamlana	3400368	G	177	46	223	0.00000
Salinimicrobium	561367	G	162	6	168	0.00000
Pukyongia	2831916	G	154	5	159	0.00000
Pseudalgibacter	2861660	G	105	8	113	0.00000
Lutimonas	449810	G	96	1	97	0.00000
Aegicerativicinus	2893197	G	88	1	89	0.00000
Sediminicola	389486	G	83	1	84	0.00000
Urechidicola	2700084	G	78	18	96	0.00000
Bizionia	283785	G	77	6	83	0.00000
Aggregatimonas	2913017	G	37	0	37	0.00000
Blattabacterium	34098	G	4072	10	4082	0.00008
Fluviicola	332102	G	1570	2	1572	0.00003
Paracrocinitomix	3024544	G	626	0	626	0.00001
Ichthyobacterium	1755829	G	1336	0	1336	0.00003
Croceimicrobium	2828338	G	568	5	573	0.00001
Owenweeksia	267986	G	562	0	562	0.00001
Candidatus Karelsulcia	336809	G	180	0	180	0.00000
Candidatus Walczuchella	1940138	G	13	0	13	0.00000
Sanyastnella	3228946	G	169	0	169	0.00000
Parvicella	2975260	G	53	0	53	0.00000
Parabacteroides	375288	G	1333025	113103	1446128	0.02740
Tannerella	195950	G	10058	282	10340	0.00020
Bacteroides	816	G	759278	81548	840826	0.01593
Phocaeicola	909656	G	34958	5159	40117	0.00076
Prevotella	838	G	32971	1667	34638	0.00066
Segatella	2974251	G	13146	747	13893	0.00026
Paraprevotella	577309	G	3610	361	3971	0.00008
Hoylesella	2974257	G	2851	1046	3897	0.00007
Xylanibacter	558436	G	1754	33	1787	0.00003
Pseudoprevotella	2884814	G	623	7	630	0.00001
Macellibacteroides	1159323	G	38233	983	39216	0.00074
Porphyromonas	836	G	17055	646	17701	0.00034
Dysgonomonas	156973	G	13119	198	13317	0.00025
Limibacterium	3404873	G	10665	462	11127	0.00021
Proteiniphilum	294702	G	8359	918	9277	0.00018
Petrimonas	307628	G	6151	813	6964	0.00013
Barnesiella	397864	G	10386	681	11067	0.00021
Coprobacter	1348911	G	10240	735	10975	0.00021
Alistipes	239759	G	13040	868	13908	0.00026
Acetobacteroides	1647173	G	489	2	491	0.00001
Muribaculum	1918540	G	3561	169	3730	0.00007
Paramuribaculum	2518497	G	2379	71	2450	0.00005
Duncaniella	2518495	G	2350	43	2393	0.00005
Sodaliphilus	2815786	G	781	30	811	0.00002
Butyricimonas	574697	G	6049	800	6849	0.00013
Odoribacter	283168	G	2294	226	2520	0.00005
Paludibacter	346096	G	4144	2	4146	0.00008
Salinivirga	1970191	G	1214	0	1214	0.00002
Candidatus Azobacteroides	511434	G	869	0	869	0.00002
Tenuifilum	2760873	G	641	2	643	0.00001
Draconibacterium	1471399	G	8164	162	8326	0.00016
Maribellus	2678352	G	2058	68	2126	0.00004
Aquipluma	2792393	G	1384	5	1389	0.00003
Mangrovibacterium	1573808	G	1342	133	1475	0.00003
Gaoshiqia	3045890	G	1019	14	1033	0.00002
Halosquirtibacter	3374594	G	925	31	956	0.00002
Marinifilum	866673	G	3096	23	3119	0.00006
Labilibaculum	2060722	G	2731	12	2743	0.00005
Xiashengella	3129724	G	1017	257	1274	0.00002
Alkalitalea	1193324	G	677	3	680	0.00001
Sphingobacterium	28453	G	381461	3423	384884	0.00729
Pedobacter	84567	G	80725	818	81543	0.00154
Mucilaginibacter	423349	G	25666	150	25816	0.00049
Olivibacter	376469	G	2093	98	2191	0.00004
Solitalea	929509	G	1550	8	1558	0.00003
Anseongella	1773450	G	1148	1	1149	0.00002
Arcticibacter	1288026	G	720	8	728	0.00001
Pseudopedobacter	1649482	G	586	37	623	0.00001
Aurantibacillus	3088889	G	564	1	565	0.00001
Hymenobacter	89966	G	10328	179	10507	0.00020
Pontibacter	323449	G	4577	240	4817	0.00009
Adhaeribacter	299566	G	1658	58	1716	0.00003
Rufibacter	1379908	G	1281	144	1425	0.00003
Nibribacter	1649474	G	111	47	158	0.00000
Dyadobacter	120831	G	8420	123	8543	0.00016
Runella	105	G	2008	4	2012	0.00004
Larkinella	332157	G	1307	27	1334	0.00003
Tellurirhabdus	2674996	G	585	26	611	0.00001
Fibrella	861914	G	195	5	200	0.00000
Algoriphagus	246875	G	4611	175	4786	0.00009
Echinicola	390846	G	3361	245	3606	0.00007
Belliella	232244	G	729	46	775	0.00001
Cyclobacterium	68288	G	647	97	744	0.00001
Mongoliitalea	1511649	G	572	5	577	0.00001
Aquiflexum	280472	G	204	3	207	0.00000
Spirosoma	107	G	9827	59	9886	0.00019
Cytophaga	978	G	284	5	289	0.00001
Ekhidna	447678	G	1476	73	1549	0.00003
Reichenbachiella	156993	G	1433	414	1847	0.00003
Flammeovirga	59739	G	1587	65	1652	0.00003
Chondrinema	3051458	G	1050	87	1137	0.00002
Imperialibacter	1649461	G	461	36	497	0.00001
Fulvivirga	396811	G	1851	86	1937	0.00004
Chryseolinea	1433993	G	847	3	850	0.00002
Emticicia	312278	G	1039	13	1052	0.00002
Jiulongibacter	2031119	G	870	0	870	0.00002
Marinilongibacter	2975149	G	299	0	299	0.00001
Leadbetterella	319458	G	210	5	215	0.00000
Arcticibacterium	2173039	G	208	0	208	0.00000
Catalinimonas	1522128	G	1215	8	1223	0.00002
Porifericola	1001222	G	751	17	768	0.00001
Tunicatimonas	1077254	G	463	0	463	0.00001
Marivirga	869806	G	2020	472	2492	0.00005
Fulvitalea	1434007	G	871	25	896	0.00002
Persicobacter	59740	G	601	21	622	0.00001
Aureibacter	1097443	G	364	6	370	0.00001
Bernardetia	1937972	G	1555	1	1556	0.00003
Roseivirga	290180	G	1293	58	1351	0.00003
Rhodocytophaga	455076	G	1101	4	1105	0.00002
Aquirufa	2676247	G	837	4	841	0.00002
Mangrovivirga	2858886	G	764	6	770	0.00001
Candidatus Amoebophilus	281119	G	214	0	214	0.00000
Candidatus Cardinium	273135	G	190	0	190	0.00000
Chitinophaga	79328	G	18287	346	18633	0.00035
Arachidicoccus	1769012	G	3422	76	3498	0.00007
Niabella	379899	G	2393	83	2476	0.00005
Flavisolibacter	398041	G	2125	111	2236	0.00004
Filimonas	649460	G	1829	100	1929	0.00004
Flavihumibacter	1004301	G	1507	20	1527	0.00003
Phnomibacter	2836216	G	1415	75	1490	0.00003
Paraflavitalea	2698688	G	1362	39	1401	0.00003
Ferruginibacter	1004303	G	1300	26	1326	0.00003
Niastella	354354	G	1156	61	1217	0.00002
Lacibacter	649461	G	876	18	894	0.00002
Puia	2045098	G	816	23	839	0.00002
Pseudobacter	1860196	G	804	48	852	0.00002
Rhizosphaericola	3114547	G	672	9	681	0.00001
Panacibacter	1874621	G	523	5	528	0.00001
Sediminibacterium	504481	G	476	18	494	0.00001
Pseudocnuella	2812019	G	454	23	477	0.00001
Thermoflavifilum	1649506	G	376	2	378	0.00001
Mycovorax	3389990	G	290	32	322	0.00001
Phaeodactylibacter	1564515	G	1333	2	1335	0.00003
Haliscomenobacter	2349	G	712	1	713	0.00001
Aureispira	365032	G	938	3	941	0.00002
Saprospira	1007	G	195	0	195	0.00000
Lewinella	70994	G	387	0	387	0.00001
Neolewinella	2993541	G	49	0	49	0.00000
Candidatus Sulfidibacterium	2923290	G	1127	0	1127	0.00002
Chlorobium	1091	G	855	8	863	0.00002
Pelodictyon	1099	G	279	3	282	0.00001
Chlorobaculum	256319	G	407	0	407	0.00001
Prosthecochloris	1101	G	275	0	275	0.00001
Chloroherpeton	100715	G	219	0	219	0.00000
Ignavibacterium	795750	G	808	0	808	0.00002
Melioribacter	1134403	G	80	0	80	0.00000
Gracilimonas	649462	G	569	2	571	0.00001
Cyclonatronum	2489367	G	191	36	227	0.00000
Rhodocaloribacter	2893090	G	214	0	214	0.00000
Rhodothermus	29548	G	59	0	59	0.00000
Rubrivirga	1434037	G	117	0	117	0.00000
Salinibacter	146918	G	36	0	36	0.00000
Gemmatimonas	173479	G	643	0	643	0.00001
Gemmatirosa	1706036	G	91	2	93	0.00000
Pseudogemmatithrix	3237678	G	31	1	32	0.00000
Candidatus Palauibacter	3056650	G	138	1	139	0.00000
Gaopeijia	3381669	G	34	0	34	0.00000
Candidatus Cloacimonas	456826	G	348	0	348	0.00001
Fibrobacter	832	G	196	21	217	0.00000
Fidelibacter	3377528	G	24	0	24	0.00000
Aliarcobacter	2321111	G	5621	674	6295	0.00012
Arcobacter	28196	G	2663	457	3120	0.00006
Malaciobacter	2321114	G	2291	114	2405	0.00005
Halarcobacter	2321115	G	1499	35	1534	0.00003
Candidatus Marinarcus	2321204	G	204	9	213	0.00000
Poseidonibacter	2321187	G	179	56	235	0.00000
Campylobacter	194	G	11084	51	11135	0.00021
Helicobacter	209	G	5375	69	5444	0.00010
Wolinella	843	G	426	0	426	0.00001
Sulfurimonas	202746	G	3366	77	3443	0.00007
Sulfuricurvum	286130	G	864	36	900	0.00002
Sulfonitrofixus	3451668	G	96	2	98	0.00000
Thiomicrolovo	3451667	G	54	295	349	0.00001
Hydrocurvibacter	3451669	G	50	4	54	0.00000
Sulfurospirillum	57665	G	2250	3	2253	0.00004
Hydrogenimonas	223785	G	1007	10	1017	0.00002
Sulfurovum	265570	G	851	2	853	0.00002
Nitratifractor	269260	G	149	4	153	0.00000
Nitratiruptor	269258	G	678	2	680	0.00001
Nitrosophilus	2795692	G	343	12	355	0.00001
Nautilia	191291	G	365	0	365	0.00001
Caminibacter	191301	G	131	2	133	0.00000
Stieleria	2795973	G	813	2	815	0.00002
Rosistilla	2795779	G	715	1	716	0.00001
Aureliella	2795605	G	509	0	509	0.00001
Bremerella	2714594	G	493	0	493	0.00001
Rubripirellula	1579505	G	258	1	259	0.00000
Roseimaritima	1579506	G	191	0	191	0.00000
Rhodopirellula	265488	G	190	0	190	0.00000
Lignipirellula	2795775	G	37	0	37	0.00000
Anatilimnocola	2807414	G	36	0	36	0.00000
Novipirellula	2795426	G	31	0	31	0.00000
Blastopirellula	265487	G	29	0	29	0.00000
Mariniblastus	2005380	G	22	0	22	0.00000
Aeoliella	2795781	G	343	0	343	0.00001
Bythopirellula	1400386	G	194	0	194	0.00000
Lacipirellula	2691417	G	186	0	186	0.00000
Pirellulimonas	2795783	G	31	0	31	0.00000
Adhaeretor	2862451	G	15	0	15	0.00000
Botrimarina	2795782	G	13	0	13	0.00000
Thermogutta	1676125	G	15	0	15	0.00000
Gimesia	1649453	G	1815	3	1818	0.00003
Crateriforma	2714592	G	287	40	327	0.00001
Symmachiella	2795780	G	273	0	273	0.00001
Planctomicrobium	1779141	G	251	0	251	0.00000
Planctellipticum	3132181	G	216	0	216	0.00000
Rubinisphaera	1649490	G	200	2	202	0.00000
Polystyrenella	2795774	G	177	0	177	0.00000
Stratiformator	3076095	G	163	0	163	0.00000
Planctopirus	1649480	G	137	0	137	0.00000
Planctomyces	118	G	111	0	111	0.00000
Maioricimonas	2795777	G	63	0	63	0.00000
Alienimonas	2714737	G	48	0	48	0.00000
Fuerstiella	1936111	G	17	0	17	0.00000
Schlesneria	656899	G	16	0	16	0.00000
Calycomorphotria	2795776	G	13	0	13	0.00000
Thalassoglobus	2795865	G	11	0	11	0.00000
Urbifossiella	2807415	G	743	0	743	0.00001
Gemmata	113	G	396	0	396	0.00001
Frigoriglobus	2774146	G	374	0	374	0.00001
Telmatocola	1382832	G	104	0	104	0.00000
Tuwongella	2051044	G	98	0	98	0.00000
Limnoglobus	2731450	G	84	0	84	0.00000
Aquisphaera	1511635	G	497	1	498	0.00001
Singulisphaera	466152	G	429	1	430	0.00001
Tautonia	2680020	G	261	0	261	0.00000
Tundrisphaera	2029859	G	59	0	59	0.00000
Paludisphaera	1763521	G	21	0	21	0.00000
Isosphaera	127	G	14	0	14	0.00000
Engelhardtia	3405233	G	178	0	178	0.00000
Saltatorellus	3405235	G	99	0	99	0.00000
Rohdeia	3405237	G	21	0	21	0.00000
Kolteria	3405236	G	54	0	54	0.00000
Sedimentisphaera	2483368	G	381	19	400	0.00001
Limihaloglobus	2690160	G	87	0	87	0.00000
Anaerohalosphaera	2690159	G	71	0	71	0.00000
Humisphaera	2807511	G	275	0	275	0.00001
Fontivita	2989683	G	71	0	71	0.00000
Poriferisphaera	2803301	G	110	0	110	0.00000
Mucisphaera	2913022	G	13	0	13	0.00000
Phycisphaera	666508	G	12	0	12	0.00000
Candidatus Uabimicrobium	2897349	G	940	0	940	0.00002
Candidatus Kuenenia	380738	G	237	0	237	0.00000
Luteolibacter	518753	G	7095	23	7118	0.00013
Verrucomicrobium	2735	G	723	3	726	0.00001
Haloferula	574899	G	326	1	327	0.00001
Sulfuriroseicoccus	2911469	G	66	0	66	0.00000
Roseimicrobium	1348508	G	65	0	65	0.00000
Roseibacillus	518755	G	31	0	31	0.00000
Oceaniferula	2886881	G	19	0	19	0.00000
Akkermansia	239934	G	1577	6	1583	0.00003
Fontisphaera	3050007	G	87	0	87	0.00000
Opitutus	178440	G	303	2	305	0.00001
Termitidicoccus	3126963	G	226	1	227	0.00000
Ereboglobus	2028344	G	96	0	96	0.00000
Oleiharenicola	2100741	G	67	1	68	0.00000
Actomonas	3138693	G	53	0	53	0.00000
Synoicihabitans	2892920	G	46	0	46	0.00000
Horticoccus	2986286	G	42	0	42	0.00000
Nibricoccus	2576890	G	37	0	37	0.00000
Lacunisphaera	1961799	G	36	0	36	0.00000
Congregicoccus	3458163	G	20	0	20	0.00000
Coraliomargarita	442430	G	118	0	118	0.00000
Candidatus Pelagisphaera	3049269	G	111	0	111	0.00000
Ruficoccus	2175957	G	27	0	27	0.00000
Methylacidiphilum (ex Ratnadevi et al. 2023)	511745	G	269	4	273	0.00001
Methylacidimicrobium	1541670	G	17	0	17	0.00000
Chlamydia	810	G	1745	63	1808	0.00003
Chlamydiifrater	2822114	G	60	1	61	0.00000
Parachlamydia	83551	G	520	0	520	0.00001
Neochlamydia	112987	G	205	0	205	0.00000
Candidatus Protochlamydia	282132	G	149	0	149	0.00000
Candidatus Rhabdochlamydia	292833	G	150	3	153	0.00000
Waddlia	71666	G	38	1	39	0.00000
Candidatus Neptunichlamydia	1891669	G	21	0	21	0.00000
Simkania	34093	G	11	0	11	0.00000
Tichowtungia	2907187	G	456	0	456	0.00001
Kiritimatiella	1921784	G	22	4	26	0.00000
Lentisphaera	256846	G	390	0	390	0.00001
Candidatus Velamenicoccus	2789201	G	265	0	265	0.00001
Treponema	157	G	6841	70	6911	0.00013
Brucepastera	2967962	G	202	0	202	0.00000
Borrelia	138	G	1356	63	1419	0.00003
Borreliella	64895	G	1037	181	1218	0.00002
Leadbettera	2951107	G	1553	50	1603	0.00003
Gracilinema	2951106	G	325	18	343	0.00001
Breznakiella	2845254	G	203	5	208	0.00000
Oceanispirochaeta	2035349	G	532	0	532	0.00001
Entomospira	2834378	G	435	0	435	0.00001
Thiospirochaeta	2792240	G	245	0	245	0.00000
Sediminispirochaeta	1911556	G	222	28	250	0.00000
Spirochaeta	146	G	66	0	66	0.00000
Salinispira	1616789	G	57	0	57	0.00000
Candidatus Haliotispira	3115661	G	29	0	29	0.00000
Marispirochaeta	1911565	G	25	0	25	0.00000
Sphaerochaeta	399320	G	1503	109	1612	0.00003
Parasphaerochaeta	3062336	G	74	0	74	0.00000
Leptospira	171	G	3311	0	3311	0.00006
Turneriella	338321	G	176	0	176	0.00000
Brachyspira	29521	G	3447	4	3451	0.00007
Winmispira	3457169	G	148	0	148	0.00000
Thermospira	3024226	G	68	0	68	0.00000
Pseudodesulfovibrio	2035811	G	1507	71	1578	0.00003
Desulfovibrio	872	G	1412	70	1482	0.00003
Maridesulfovibrio	2794998	G	1121	17	1138	0.00002
Solidesulfovibrio	2910984	G	737	8	745	0.00001
Lawsonia	41707	G	509	4	513	0.00001
Nitratidesulfovibrio	2802295	G	410	16	426	0.00001
Bilophila	35832	G	150	0	150	0.00000
Oleidesulfovibrio	2909705	G	138	98	236	0.00000
Taurinivorans	3126915	G	112	2	114	0.00000
Salidesulfovibrio	2950010	G	97	4	101	0.00000
Halodesulfovibrio	1912771	G	94	2	96	0.00000
Oceanidesulfovibrio	2905722	G	86	0	86	0.00000
Desulfolutivibrio	2773294	G	83	2	85	0.00000
Megalodesulfovibrio	2910978	G	83	0	83	0.00000
Mailhella	1981028	G	53	14	67	0.00000
Desulfocurvibacter	2582840	G	20	0	20	0.00000
Desulfomicrobium	898	G	193	0	193	0.00000
Thermodesulfomicrobium	2905949	G	12	0	12	0.00000
Syntrophotalea	2812025	G	1321	6	1327	0.00003
Desulfuromonas	890	G	822	7	829	0.00002
Pelobacter	18	G	11	2	13	0.00000
Geoalkalibacter	392332	G	311	58	369	0.00001
Trichlorobacter	115782	G	669	20	689	0.00001
Geomonas	2651583	G	484	12	496	0.00001
Geobacter	28231	G	242	5	247	0.00000
Citrifermentans	2883512	G	190	7	197	0.00000
Geotalea	2910589	G	137	2	139	0.00000
Desulfonema	45654	G	961	3	964	0.00002
Desulfococcus	896	G	172	3	175	0.00000
Desulforapulum	2904687	G	573	4	577	0.00001
Desulfobacter	2289	G	209	1	210	0.00000
Desulfobacula	28222	G	94	0	94	0.00000
Desulfosarcina	2299	G	436	3	439	0.00001
Desulfatibacillum	218207	G	181	0	181	0.00000
Desulfosudis	2904716	G	64	0	64	0.00000
Desulfoluna	497721	G	11	0	11	0.00000
Desulfosediminicola	2886823	G	294	0	294	0.00001
Desulfocapsa	53318	G	240	1	241	0.00000
Desulfofustis	51194	G	237	0	237	0.00000
Desulfopila	429014	G	182	0	182	0.00000
Desulfotalea	109168	G	15	0	15	0.00000
Candidatus Electrothrix	1859128	G	344	0	344	0.00001
Desulfobulbus	893	G	174	9	183	0.00000
Desulfomarina	2894767	G	159	0	159	0.00000
Desulfurivibrio	427922	G	24	0	24	0.00000
Desulfolithobacter	3003266	G	12	0	12	0.00000
Thermodesulfobacterium	1740	G	308	2	310	0.00001
Caldimicrobium	444090	G	53	0	53	0.00000
Thermosulfurimonas	1522431	G	34	0	34	0.00000
Thermodesulfatator	241192	G	46	0	46	0.00000
Desulfobacca	60892	G	289	0	289	0.00001
Syntrophobacter	29526	G	144	10	154	0.00000
Desulfoglaeba	361106	G	77	0	77	0.00000
Syntrophus	43773	G	70	0	70	0.00000
Desulfomonile	2357	G	36	0	36	0.00000
Desulfarculus	453229	G	18	3	21	0.00000
Desulfoferula	3093638	G	14	0	14	0.00000
Candidatus Desulfofervidus	1902583	G	20	0	20	0.00000
Sorangium	39643	G	5157	35	5192	0.00010
Polyangium	55	G	383	2	385	0.00001
Chondromyces	50	G	338	0	338	0.00001
Pajaroellobacter	1882917	G	203	0	203	0.00000
Sandaracinus	1055688	G	985	2	987	0.00002
Labilithrix	1524217	G	66	0	66	0.00000
Nannocystis	53	G	876	2	878	0.00002
Haliangium	162027	G	190	0	190	0.00000
Archangium	47	G	1550	86	1636	0.00003
Melittangium	44	G	349	51	400	0.00001
Cystobacter	42	G	338	81	419	0.00001
Stigmatella	40	G	169	15	184	0.00000
Myxococcus	32	G	878	73	951	0.00002
Corallococcus	83461	G	862	110	972	0.00002
Pyxidicoccus	224458	G	166	5	171	0.00000
Pseudomyxococcus	3434272	G	141	16	157	0.00000
Anaeromyxobacter	161492	G	645	3	648	0.00001
Vulgatibacter	1524214	G	26	0	26	0.00000
Pendulispora	3375062	G	800	0	800	0.00002
Bdellovibrio	958	G	3054	1	3055	0.00006
Pseudobdellovibrio	2862745	G	174	0	174	0.00000
Micavibrio	213485	G	164	0	164	0.00000
Peredibacter	263370	G	1163	0	1163	0.00002
Bacteriovorax	146784	G	256	13	269	0.00001
Halobacteriovorax	1652133	G	243	0	243	0.00000
Silvanigrella	2024975	G	681	2	683	0.00001
Pigmentibacter	2838409	G	228	0	228	0.00000
Fluviispira	2698753	G	197	0	197	0.00000
Spirobacillus	495819	G	26	0	26	0.00000
Tunturiibacter	3154218	G	535	2	537	0.00001
Chloracidobacterium	458032	G	515	0	515	0.00001
Telmatobacter	1078829	G	439	0	439	0.00001
Granulicella	940557	G	380	0	380	0.00001
Terriglobus	392733	G	358	0	358	0.00001
Edaphobacter	388463	G	330	1	331	0.00001
Acidobacterium	33973	G	267	0	267	0.00001
Silvibacterium	1775468	G	190	0	190	0.00000
Occallatibacter	1742983	G	114	0	114	0.00000
Alloacidobacterium	2951993	G	83	0	83	0.00000
Acidisarcina	2608728	G	14	0	14	0.00000
Candidatus Korobacter	658061	G	30	0	30	0.00000
Paludibaculum	1649475	G	165	0	165	0.00000
Geothrix	44675	G	831	3	834	0.00002
Mesoterricola	3074468	G	133	0	133	0.00000
Sulfidibacter	2915177	G	319	0	319	0.00001
Thermotomaculum	1172428	G	145	0	145	0.00000
Luteitalea	2004797	G	148	0	148	0.00000
Leptospirillum	179	G	309	0	309	0.00001
Nitrospira	1234	G	295	0	295	0.00001
Candidatus Magnetomonas	3459270	G	117	0	117	0.00000
Dissulfurispira	2811506	G	378	0	378	0.00001
Thermodesulfovibrio	28261	G	241	0	241	0.00000
Hydrogenobacter	939	G	395	2	397	0.00001
Thermocrinis	75905	G	186	0	186	0.00000
Hydrogenobaculum	168657	G	37	0	37	0.00000
Aquifex	2713	G	20	0	20	0.00000
Sulfurihydrogenibium	212790	G	133	0	133	0.00000
Persephonella	182899	G	41	0	41	0.00000
Desulfurobacterium	64159	G	455	0	455	0.00001
Mucispirillum	248038	G	370	0	370	0.00001
Geovibrio	46200	G	240	0	240	0.00000
Denitrovibrio	117999	G	23	0	23	0.00000
Deferribacter	53572	G	72	0	72	0.00000
Calditerrivibrio	545865	G	10	0	10	0.00000
Atribacter	2847777	G	223	0	223	0.00000
Thermatribacter	3240450	G	208	7	215	0.00000
Candidatus Caldatribacterium	1454725	G	75	0	75	0.00000
Thermodesulfobium	227388	G	443	0	443	0.00001
Elusimicrobium	423604	G	355	0	355	0.00001
Parelusimicrobium	3416099	G	12	0	12	0.00000
Candidatus Endomicrobiellum	3238959	G	15	0	15	0.00000
Endomicrobium	1408194	G	13	0	13	0.00000
Caldithrix	187144	G	332	0	332	0.00001
Desulfurispirillum	393029	G	275	1	276	0.00001
Dictyoglomus	13	G	150	0	150	0.00000
Thermosulfidibacter	412592	G	149	0	149	0.00000
Thermomicrobium	499	G	102	0	102	0.00000
Sphaerobacter	2056	G	31	0	31	0.00000
Nitrospina	35800	G	63	0	63	0.00000
Caldisericum	693074	G	11	0	11	0.00000
Bacillus	1386	G	69671	13990	83661	0.00159
Lysinibacillus	400634	G	23962	2473	26435	0.00050
Neobacillus	2675232	G	19202	2166	21368	0.00040
Niallia	2837506	G	12122	1308	13430	0.00025
Oceanobacillus	182709	G	12100	1072	13172	0.00025
Virgibacillus	84406	G	11716	437	12153	0.00023
Peribacillus	2675229	G	11381	1154	12535	0.00024
Priestia	2800373	G	10335	1331	11666	0.00022
Psychrobacillus	1221880	G	7879	705	8584	0.00016
Metabacillus	2675233	G	7276	1238	8514	0.00016
Cytobacillus	2675230	G	5321	1596	6917	0.00013
Heyndrickxia	2837504	G	4946	1158	6104	0.00012
Sutcliffiella	2837511	G	4703	508	5211	0.00010
Gracilibacillus	74385	G	3799	211	4010	0.00008
Alkalihalobacillus	2675234	G	3782	330	4112	0.00008
Halobacillus	45667	G	3669	247	3916	0.00007
Terribacillus	459532	G	3241	157	3398	0.00006
Mesobacillus	2675231	G	3237	350	3587	0.00007
Amphibacillus	29331	G	2613	325	2938	0.00006
Rossellomorea	2837508	G	2473	244	2717	0.00005
Alkalihalophilus	2893060	G	2233	344	2577	0.00005
Shouchella	2893057	G	2074	219	2293	0.00004
Pontibacillus	289201	G	1889	42	1931	0.00004
Anaerobacillus	704093	G	1746	202	1948	0.00004
Ornithinibacillus	484508	G	1707	280	1987	0.00004
Caldifermentibacillus	3034001	G	1553	11215	12768	0.00024
Salipaludibacillus	1884449	G	1551	69	1620	0.00003
Pseudobacillus	108525	G	1364	519	1883	0.00004
Fervidibacillus	3033930	G	1300	119	1419	0.00003
Tepidibacillus	1494427	G	1280	82	1362	0.00003
Radiobacillus	2785518	G	1243	100	1343	0.00003
Salicibibacter	2685905	G	1139	2	1141	0.00002
Pradoshia	2651279	G	1120	85	1205	0.00002
Paraliobacillus	200903	G	1038	50	1088	0.00002
Paraperibacillus	3450404	G	1033	92	1125	0.00002
Gottfriedia	2837503	G	1008	77	1085	0.00002
Lentibacillus	175304	G	975	40	1015	0.00002
Ectobacillus	2837502	G	926	77	1003	0.00002
Aciduricibacillus	3158337	G	845	64	909	0.00002
Sediminibacillus	482460	G	829	59	888	0.00002
Alkalicoccus	2005375	G	773	28	801	0.00002
Robertmurraya	2837507	G	708	107	815	0.00002
Salisediminibacterium	1434042	G	668	34	702	0.00001
Salimicrobium	351195	G	633	43	676	0.00001
Mangrovibacillus	2920444	G	623	71	694	0.00001
Domibacillus	1433999	G	602	76	678	0.00001
Caldalkalibacillus	379065	G	600	318	918	0.00002
Halalkalibacter	2893056	G	579	156	735	0.00001
Aeribacillus	1055323	G	510	2334	2844	0.00005
Siminovitchia	2837510	G	331	45	376	0.00001
Lederbergia	2804231	G	273	13	286	0.00001
Evansella	2837485	G	221	14	235	0.00000
Paenalkalicoccus	2944627	G	189	101	290	0.00001
Halalkalibacterium (ex Joshi et al. 2022)	2893055	G	148	13	161	0.00000
Falsibacillus	1270155	G	87	7	94	0.00000
Allobacillus	1400133	G	66	3	69	0.00000
Alkalibacillus	331654	G	50	0	50	0.00000
Paenibacillus	44249	G	160851	5063	165914	0.00314
Brevibacillus	55080	G	8384	260	8644	0.00016
Aneurinibacillus	55079	G	2292	57	2349	0.00004
Cohnella	329857	G	1736	48	1784	0.00003
Pristimantibacillus (SeqCode)	2994560	G	926	50	976	0.00002
Saccharibacillus	456492	G	400	9	409	0.00001
Thermobacillus	76632	G	312	10	322	0.00001
Staphylococcus	1279	G	36367	5872	42239	0.00080
Mammaliicoccus	2803850	G	6841	753	7594	0.00014
Macrococcus	69965	G	4965	1123	6088	0.00012
Macrococcoides	3076173	G	1246	530	1776	0.00003
Nosocomiicoccus	489909	G	1056	107	1163	0.00002
Jeotgalicoccus	227979	G	548	30	578	0.00001
Salinicoccus	45669	G	264	26	290	0.00001
Sporosarcina	1569	G	13698	1462	15160	0.00029
Planococcus	1372	G	6099	405	6504	0.00012
Ureibacillus	160795	G	3935	2826	6761	0.00013
Solibacillus	648800	G	3410	446	3856	0.00007
Paenisporosarcina	651660	G	2307	456	2763	0.00005
Rummeliibacillus	648802	G	1903	265	2168	0.00004
Kurthia	1649	G	1784	560	2344	0.00004
Chryseomicrobium	889388	G	776	219	995	0.00002
Metasolibacillus	2703677	G	493	30	523	0.00001
Viridibacillus	496496	G	253	41	294	0.00001
Jeotgalibacillus	157226	G	195	32	227	0.00000
Listeria	1637	G	13826	2013	15839	0.00030
Brochothrix	2755	G	1087	127	1214	0.00002
Parageobacillus	1906945	G	1749	1042	2791	0.00005
Anoxybacillus	150247	G	1588	309	1897	0.00004
Thermaerobacillus	3390020	G	742	163	905	0.00002
Geobacillus	129337	G	680	394	1074	0.00002
Anoxybacteroides	3389905	G	103	10	113	0.00000
Saccharococcus	29395	G	72	34	106	0.00000
Alicyclobacillus	29330	G	2016	3	2019	0.00004
Fodinisporobacter	3156481	G	981	8	989	0.00002
Tumebacillus	432330	G	547	8	555	0.00001
Effusibacillus	1502725	G	99	0	99	0.00000
Kyrpidia	1129704	G	25	0	25	0.00000
Gemella	1378	G	3621	339	3960	0.00008
Exiguobacterium	33986	G	3594	156	3750	0.00007
Hydrogenibacillus	1609627	G	26	0	26	0.00000
Guptibacillus	3421338	G	2852	968	3820	0.00007
Fictibacillus	1329200	G	1606	258	1864	0.00004
Pseudalkalibacillus	2893058	G	459	61	520	0.00001
Sporolactobacillus	2077	G	1741	43	1784	0.00003
Pullulanibacillus	475230	G	191	12	203	0.00000
Laceyella	292635	G	1231	34	1265	0.00002
Kroppenstedtia	1274351	G	114	2	116	0.00000
Polycladomyces	1348505	G	70	0	70	0.00000
Thermoactinomyces	2023	G	46	2	48	0.00000
Novibacillus	1677050	G	15	1	16	0.00000
Abyssicoccus	1955413	G	143	85	228	0.00000
Enterococcus	1350	G	266406	47775	314181	0.00595
Vagococcus	2737	G	17097	2186	19283	0.00037
Tetragenococcus	51668	G	7107	1587	8694	0.00016
Melissococcus	33969	G	646	12	658	0.00001
Lactobacillus	1578	G	21905	1162	23067	0.00044
Companilactobacillus	2767879	G	9120	823	9943	0.00019
Pediococcus	1253	G	8395	2000	10395	0.00020
Ligilactobacillus	2767887	G	7413	684	8097	0.00015
Leuconostoc	1243	G	5896	705	6601	0.00013
Lactiplantibacillus	2767842	G	5129	1394	6523	0.00012
Lacticaseibacillus	2759736	G	3877	539	4416	0.00008
Fructilactobacillus	2767881	G	3641	155	3796	0.00007
Lentilactobacillus	2767893	G	3170	606	3776	0.00007
Liquorilactobacillus	2767888	G	2688	756	3444	0.00007
Apilactobacillus	2767877	G	2505	40	2545	0.00005
Limosilactobacillus	2742598	G	2171	455	2626	0.00005
Weissella	46255	G	2114	98	2212	0.00004
Paucilactobacillus	2767890	G	1791	340	2131	0.00004
Levilactobacillus	2767886	G	1503	208	1711	0.00003
Latilactobacillus	2767885	G	1347	325	1672	0.00003
Dellaglioa	2767880	G	1087	304	1391	0.00003
Bombilactobacillus	2767878	G	1055	11	1066	0.00002
Oenococcus	46254	G	979	63	1042	0.00002
Xylocopilactobacillus	3118928	G	866	1	867	0.00002
Secundilactobacillus	2767892	G	691	215	906	0.00002
Acetilactobacillus	2767874	G	502	0	502	0.00001
Loigolactobacillus	2767889	G	410	218	628	0.00001
Furfurilactobacillus	2767882	G	313	92	405	0.00001
Agrilactobacillus	2767875	G	231	11	242	0.00000
Amylolactobacillus	2767876	G	158	59	217	0.00000
Lapidilactobacillus	2767884	G	126	5	131	0.00000
Periweissella	2930384	G	119	1	120	0.00000
Schleiferilactobacillus	2767891	G	77	1	78	0.00000
Nicoliella	2978367	G	14	0	14	0.00000
Fructobacillus	559173	G	11	0	11	0.00000
Streptococcus	1301	G	60628	7755	68383	0.00130
Lactococcus	1357	G	9242	3070	12312	0.00023
Pseudolactococcus	3436058	G	4356	514	4870	0.00009
Floricoccus	1930830	G	2691	55	2746	0.00005
Carnobacterium	2747	G	6019	829	6848	0.00013
Jeotgalibaca	1470540	G	3691	554	4245	0.00008
Trichococcus	82802	G	2034	149	2183	0.00004
Alkalibacterium	99906	G	1784	24	1808	0.00003
Granulicatella	117563	G	1368	403	1771	0.00003
Alloiococcus	1651	G	1008	12	1020	0.00002
Dolosigranulum	29393	G	820	16	836	0.00002
Desemzia	82800	G	553	219	772	0.00001
Marinilactibacillus	191769	G	471	101	572	0.00001
Aerococcus	1375	G	3073	405	3478	0.00007
Tuanshanicoccus	3465067	G	3003	62	3065	0.00006
Fundicoccus	2761542	G	1655	98	1753	0.00003
Globicatella	13075	G	1280	60	1340	0.00003
Ruoffia	2862144	G	1223	174	1397	0.00003
Suicoccus	2689587	G	853	160	1013	0.00002
Facklamia	66831	G	654	92	746	0.00001
Abiotrophia	46123	G	427	19	446	0.00001
Ignavigranum	89092	G	397	16	413	0.00001
Amedibacillus	2749846	G	381537	118743	500280	0.00948
Amedibacterium	2749267	G	110182	25836	136018	0.00258
Longicatena	1918536	G	99634	36597	136231	0.00258
Erysipelothrix	1647	G	27342	211	27553	0.00052
Allocoprobacillus	3059504	G	12755	966	13721	0.00026
Solobacterium	123375	G	3458	1143	4601	0.00009
Intestinibaculum	2679910	G	3333	45	3378	0.00006
Holdemania	61170	G	2481	377	2858	0.00005
Allobaculum	174708	G	2028	44	2072	0.00004
Bulleidia	118747	G	1769	149	1918	0.00004
Faecalibaculum	1729679	G	1245	116	1361	0.00003
Massilimicrobiota	1924110	G	995	5573	6568	0.00012
Thomasclavelia	3025755	G	29954	1311	31265	0.00059
Faecalibacillus	2678885	G	10990	1723	12713	0.00024
Tannockella	2943184	G	10378	120	10498	0.00020
Catenibacterium	135858	G	7848	183	8031	0.00015
Turicibacter	191303	G	13093	272	13365	0.00025
Clostridium	1485	G	227144	20721	247865	0.00470
Lactonifactor	420345	G	4046	488	4534	0.00009
Crassaminicella	1848399	G	3851	97	3948	0.00007
Haloimpatiens	1755832	G	3579	512	4091	0.00008
Caloramator	44258	G	2710	111	2821	0.00005
Wukongibacter	1884926	G	1685	7	1692	0.00003
Hathewaya	1769729	G	977	50	1027	0.00002
Candidatus Neoarthromitus	49082	G	611	3	614	0.00001
Oceanirhabdus	1434026	G	309	3	312	0.00001
Sarcina	1266	G	220	13	233	0.00000
Proteiniclasticum	1155385	G	145	6	151	0.00000
Ruminococcus	1263	G	9074	954	10028	0.00019
Paludihabitans	2038676	G	4160	21	4181	0.00008
Faecalibacterium	216851	G	2579	446	3025	0.00006
Caproicibacterium	2834348	G	2361	549	2910	0.00006
Ruminiclostridium	1508657	G	2262	310	2572	0.00005
Petroclostridium	2304687	G	1843	28	1871	0.00004
Flavonifractor	946234	G	1098	142	1240	0.00002
Acetivibrio	35829	G	939	170	1109	0.00002
Anaerotruncus	244127	G	813	250	1063	0.00002
Owariibacterium	3393728	G	777	231	1008	0.00002
Amygdalobacter	3079925	G	697	38	735	0.00001
Thermocaproicibacter	3048127	G	409	24	433	0.00001
Mageeibacillus	1637257	G	406	48	454	0.00001
Bengtsoniella	3389389	G	342	4	346	0.00001
Solibaculum	2842531	G	319	91	410	0.00001
Thermoclostridium	2304691	G	303	46	349	0.00001
Fastidiosipila	236752	G	222	27	249	0.00000
Ruthenibacterium	1905344	G	212	22	234	0.00000
Pusillibacter	2892397	G	162	33	195	0.00000
Ethanoligenens	253238	G	117	11	128	0.00000
Subdoligranulum	292632	G	113	16	129	0.00000
Pseudoflavonifractor	1017280	G	112	12	124	0.00000
Oscillibacter	459786	G	50	84	134	0.00000
Vescimonas	2892396	G	47	13	60	0.00000
Lawsonibacter	2172004	G	47	5	52	0.00000
Eubacterium	1730	G	10923	2505	13428	0.00025
Acetobacterium	33951	G	3063	32	3095	0.00006
Anaerofustis	264995	G	596	34	630	0.00001
Alkalibacter	274470	G	145	0	145	0.00000
Pseudoramibacter	113286	G	58	0	58	0.00000
Desulfitobacterium	36853	G	4136	77	4213	0.00008
Desulfosporosinus	79206	G	2555	11	2566	0.00005
Dehalobacter	56112	G	756	120	876	0.00002
Syntrophobotulus	51196	G	164	0	164	0.00000
Acididesulfobacillus	2924872	G	856	5	861	0.00002
Desulforamulus	2916693	G	754	73	827	0.00002
Dehalobacterium	51514	G	678	109	787	0.00001
Desulfofundulus	2282741	G	602	4	606	0.00001
Thermanaerosceptrum	2651578	G	423	5	428	0.00001
Candidatus Formimonas	2840454	G	283	1	284	0.00001
Desulfofarcimen	2282742	G	100	0	100	0.00000
Phosphitispora	2903061	G	82	10	92	0.00000
Fusibacter	76008	G	1064	4	1068	0.00002
Sulfobacillus	28033	G	627	0	627	0.00001
Thermaerobacter	73918	G	174	0	174	0.00000
Fenollaria	1686313	G	580	6	586	0.00001
Proteiniborus	415014	G	470	40	510	0.00001
Flintibacter	1918454	G	185	15	200	0.00000
Levyella	1715798	G	129	6	135	0.00000
Intestinimonas	1392389	G	97	8	105	0.00000
Carboxydocella	178898	G	43	0	43	0.00000
Desulfoscipio	2867376	G	2255	15	2270	0.00004
Alkalicella	2838170	G	1772	7	1779	0.00003
Proteinivorax	1491776	G	444	0	444	0.00001
Caproiciproducens	1738645	G	1353	211	1564	0.00003
Acutalibacter	1918385	G	200	7	207	0.00000
Caproicibacter	2576755	G	195	407	602	0.00001
Agathobaculum	2048137	G	581	170	751	0.00001
Butyricicoccus	580596	G	204	34	238	0.00000
Intestinibacillus	1928820	G	13	52	65	0.00000
Heliorestis	79598	G	469	0	469	0.00001
Heliomicrobium	2831443	G	26	1	27	0.00000
Candidatus Syntrophocurvum	2293313	G	270	0	270	0.00001
Syntrophomonas	862	G	143	1	144	0.00000
Syntrophothermus	129001	G	23	0	23	0.00000
Caldinitratiruptor	1006480	G	106	0	106	0.00000
Symbiobacterium	2733	G	99	0	99	0.00000
Aristaeella	3046369	G	168	0	168	0.00000
Thermincola	278993	G	44	2	46	0.00000
Desulfotomaculum	1562	G	22	9	31	0.00000
Blautia	572511	G	59253	15301	74554	0.00141
Mediterraneibacter	2316020	G	22468	7426	29894	0.00057
Anaerocolumna	1843210	G	21900	58	21958	0.00042
Lacrimispora	2719231	G	20625	234	20859	0.00040
Roseburia	841	G	16513	2592	19105	0.00036
Anaerostipes	207244	G	13643	1445	15088	0.00029
Lachnoclostridium	1506553	G	12585	1225	13810	0.00026
Dorea	189330	G	7495	2875	10370	0.00020
Sellimonas	1769710	G	7298	1016	8314	0.00016
Enterocloster	2719313	G	6610	1023	7633	0.00014
Hungatella	1649459	G	6474	1161	7635	0.00014
Eisenbergiella	1432051	G	5419	1063	6482	0.00012
Faecalimonas	2005355	G	5162	2296	7458	0.00014
Coprococcus	33042	G	4808	2056	6864	0.00013
Butyrivibrio	830	G	4734	27	4761	0.00009
Kineothrix	2163168	G	4732	49	4781	0.00009
Anaerobutyricum	2569097	G	4424	1117	5541	0.00010
Otoolea	2941495	G	3518	536	4054	0.00008
Chakrabartyella	3088373	G	3449	152	3601	0.00007
Anaeromicropila	3024823	G	3407	21	3428	0.00006
Novisyntrophococcus	2888809	G	3354	189	3543	0.00007
Claveliimonas	3076670	G	2859	273	3132	0.00006
Marvinbryantia	248744	G	2788	169	2957	0.00006
Lachnoanaerobaculum	1164882	G	2526	48	2574	0.00005
Herbinix	1663717	G	2070	472	2542	0.00005
Tyzzerella	1506577	G	1581	45	1626	0.00003
Qiania	2944195	G	1444	132	1576	0.00003
Wansuia	2944198	G	1405	78	1483	0.00003
Agathobacter	1766253	G	1019	469	1488	0.00003
Eshraghiella	3342669	G	874	221	1095	0.00002
Pseudobutyrivibrio	46205	G	806	13	819	0.00002
Hominifimenecus	3073585	G	765	1	766	0.00001
Anaeropeptidivorans	2997360	G	727	4	731	0.00001
Lachnospira	28050	G	598	47	645	0.00001
Simiaoa	2944193	G	575	157	732	0.00001
Wujia	2944152	G	490	142	632	0.00001
Candidatus Epulonipiscium	2383	G	414	11	425	0.00001
Chordicoccus	3031933	G	196	5	201	0.00000
Stomatobaculum	1213720	G	167	1	168	0.00000
Sporofaciens	2811390	G	45	0	45	0.00000
Vallitalea	1348611	G	3536	22	3558	0.00007
Petrocella	2603323	G	281	7	288	0.00001
Anaerotignum	2039240	G	2009	431	2440	0.00005
Cellulosilyticum	698776	G	1908	56	1964	0.00004
Defluviitalea	1185408	G	638	188	826	0.00002
Clostridioides	1870884	G	23120	1496	24616	0.00047
Terrisporobacter	1505652	G	7775	318	8093	0.00015
Paraclostridium	1849822	G	6176	289	6465	0.00012
Romboutsia	1501226	G	5450	524	5974	0.00011
Peptacetobacter	2743582	G	4426	253	4679	0.00009
Tepidibacter	214904	G	905	9	914	0.00002
Intestinibacter	1505657	G	807	79	886	0.00002
Peptostreptococcus	1257	G	470	23	493	0.00001
Aminipila	2060094	G	3126	227	3353	0.00006
Emergencia	1926556	G	2963	163	3126	0.00006
Sinanaerobacter	2886866	G	1795	24	1819	0.00003
Anoxybacterium	3408579	G	778	4	782	0.00001
Ihubacter	1926667	G	771	30	801	0.00002
Mogibacterium	86331	G	479	36	515	0.00001
Alkaliphilus	114627	G	2383	29	2412	0.00005
Serpentinicella	1890059	G	117	0	117	0.00000
Acetoanaerobium	186831	G	1235	13	1248	0.00002
Filifactor	44259	G	597	106	703	0.00001
Geosporobacter	390805	G	785	15	800	0.00002
Caminicella	166484	G	447	7	454	0.00001
Peptoclostridium	1481960	G	93	1	94	0.00000
Thermoanaerobacterium	28895	G	2546	73	2619	0.00005
Thermoanaerobacter	1754	G	897	7	904	0.00002
Aceticella	3051499	G	353	6	359	0.00001
Thermacetogenium	140458	G	145	14	159	0.00000
Caldanaerobacter	249529	G	102	18	120	0.00000
Desulfothermobacter	2079011	G	36	0	36	0.00000
Carboxydothermus	129957	G	31	0	31	0.00000
Candidatus Desulforudis	471826	G	195	0	195	0.00000
Mahella	252965	G	177	7	184	0.00000
Halanaerobium	2330	G	1082	0	1082	0.00002
Iocasia	2899804	G	298	303	601	0.00001
Halocella	46466	G	98	95	193	0.00000
Halobacteroides	42417	G	308	0	308	0.00001
Natroniella	52003	G	222	0	222	0.00000
Acetohalobium	28186	G	161	0	161	0.00000
Anoxybacter	1769008	G	177	0	177	0.00000
Halothermothrix	32636	G	59	0	59	0.00000
Neomoorella	44260	G	1316	1	1317	0.00002
Thermanaeromonas	202949	G	61	0	61	0.00000
Zhaonella	2748674	G	821	4	825	0.00002
Metallumcola	3234175	G	85	0	85	0.00000
Christensenella	990721	G	1522	106	1628	0.00003
Biomaibacter	2770094	G	847	0	847	0.00002
Tepidanaerobacter	499228	G	177	0	177	0.00000
Thermosediminibacter	291988	G	83	0	83	0.00000
Helicovermis	3136917	G	713	1	714	0.00001
Monoglobus	2039302	G	601	102	703	0.00001
Natranaerofaba	2807497	G	356	0	356	0.00001
Natranaerobius	375928	G	43	0	43	0.00000
Koleobacter	2786989	G	116	0	116	0.00000
Megamonas	158846	G	4039	29	4068	0.00008
Selenomonas	970	G	2285	7	2292	0.00004
Selenobaculum	3074372	G	1227	10	1237	0.00002
Pectinatus	864	G	547	4	551	0.00001
Sporomusa	2375	G	4600	51	4651	0.00009
Pelosinus	365348	G	1871	15	1886	0.00004
Methylomusa	2093783	G	129	1	130	0.00000
Phascolarctobacterium	33024	G	2773	29	2802	0.00005
Acidaminococcus	904	G	332	13	345	0.00001
Veillonella	29465	G	1300	17	1317	0.00002
Megasphaera	906	G	978	24	1002	0.00002
Dialister	39948	G	554	30	584	0.00001
Colibacter	1980675	G	267	0	267	0.00001
Anaerococcus	165779	G	2709	184	2893	0.00005
Helcococcus	31983	G	2311	137	2448	0.00005
Parvimonas	543311	G	1333	95	1428	0.00003
Microaceticoccus	3421489	G	1131	2	1133	0.00002
Peptoniphilus	162289	G	918	191	1109	0.00002
Finegoldia	150022	G	384	65	449	0.00001
Aedoeadaptatus	2981628	G	331	5	336	0.00001
Miniphocaeibacter	2126548	G	283	0	283	0.00001
Murdochiella	1161127	G	49	13	62	0.00000
Tissierella	41273	G	3392	13	3405	0.00006
Gudongella	2692382	G	242	3	245	0.00000
Sporanaerobacter	165812	G	1771	50	1821	0.00003
Keratinibaculum	1354809	G	635	19	654	0.00001
Schnuerera	2794837	G	172	3	175	0.00000
Gottschalkia	1505664	G	424	1	425	0.00001
Acidilutibacter	2992720	G	405	21	426	0.00001
Caloranaerobacter	171003	G	160	1	161	0.00000
Sedimentibacter	190972	G	1998	7	2005	0.00004
Ezakiella	1582879	G	163	48	211	0.00000
Caldicellulosiruptor	44000	G	2732	33	2765	0.00005
Anaerocellum	32631	G	31	3	34	0.00000
Candidatus Contubernalis	338648	G	257	0	257	0.00000
Carboxydichorda	3366853	G	99	24	123	0.00000
Geochorda	3366854	G	10	1	11	0.00000
Limnochorda	1676651	G	38	70	108	0.00000
Ndongobacter	1930845	G	35	5	40	0.00000
Microbacterium	33882	G	432511	12083	444594	0.00842
Leucobacter	55968	G	3848	102	3950	0.00007
Curtobacterium	2034	G	2509	77	2586	0.00005
Agromyces	33877	G	2038	52	2090	0.00004
Leifsonia	110932	G	1480	38	1518	0.00003
Herbiconiux	881616	G	765	6	771	0.00001
Mycetocola	76634	G	671	8	679	0.00001
Agrococcus	46352	G	665	21	686	0.00001
Clavibacter	1573	G	622	13	635	0.00001
Frondihabitans	447237	G	608	6	614	0.00001
Rathayibacter	33886	G	587	10	597	0.00001
Microcella	337004	G	563	15	578	0.00001
Microterricola	518733	G	542	10	552	0.00001
Cryobacterium	69578	G	462	3	465	0.00001
Humibacter	427753	G	368	22	390	0.00001
Cnuibacter	1759331	G	347	8	355	0.00001
Lysinibacter	1857011	G	321	1	322	0.00001
Gulosibacter	256818	G	310	19	329	0.00001
Plantibacter	190323	G	299	5	304	0.00001
Naasia	1434022	G	231	4	235	0.00000
Paramicrobacterium	3110364	G	211	1	212	0.00000
Frigoribacterium	96492	G	206	4	210	0.00000
Salinibacterium	235888	G	142	1	143	0.00000
Humidisolicoccus	3425211	G	106	1	107	0.00000
Rhodoluna	529883	G	74	4	78	0.00000
Aquiluna	529881	G	26	1	27	0.00000
Homoserinimonas	1434009	G	76	1	77	0.00000
Subtercola	120212	G	73	0	73	0.00000
Protaetiibacter	2680004	G	67	1	68	0.00000
Agreia	110934	G	44	0	44	0.00000
Okibacterium	196084	G	33	0	33	0.00000
Orlajensenia	3440766	G	31	0	31	0.00000
Homoserinibacter	1649457	G	24	0	24	0.00000
Glaciihabitans	1649454	G	23	0	23	0.00000
Gryllotalpicola	1195526	G	20	0	20	0.00000
Marisediminicola	1230698	G	19	0	19	0.00000
Aurantimicrobium	1705353	G	17	0	17	0.00000
Diaminobutyricimonas	1433997	G	14	0	14	0.00000
Ruicaihuangia	3137419	G	12	0	12	0.00000
Arthrobacter	1663	G	7522	513	8035	0.00015
Pseudarthrobacter	1742993	G	2459	291	2750	0.00005
Glutamicibacter	1742989	G	1197	163	1360	0.00003
Citricoccus	169133	G	1133	155	1288	0.00002
Rothia	32207	G	764	59	823	0.00002
Paenarthrobacter	1742992	G	738	326	1064	0.00002
Sinomonas	596707	G	550	4	554	0.00001
Kocuria	57493	G	529	39	568	0.00001
Micrococcus	1269	G	493	91	584	0.00001
Crystallibacter	3456524	G	291	13	304	0.00001
Psychromicrobium	2078575	G	129	1	130	0.00000
Auritidibacter	1160973	G	102	0	102	0.00000
Zhihengliuella	370735	G	69	8	77	0.00000
Paeniglutamicibacter	1742990	G	59	2	61	0.00000
Nesterenkonia	57494	G	48	0	48	0.00000
Neomicrococcus	1868332	G	40	2	42	0.00000
Pseudoglutamicibacter	1742991	G	30	15	45	0.00000
Cellulosimicrobium	157920	G	5238	259	5497	0.00010
Isoptericola	254250	G	2455	1503	3958	0.00007
Promicromonospora	43676	G	320	3	323	0.00001
Xylanimonas	186188	G	220	7	227	0.00000
Brachybacterium	43668	G	7028	175	7203	0.00014
Dermabacter	36739	G	172	62	234	0.00000
Devriesea	472568	G	20	0	20	0.00000
Helcobacillus	1161125	G	11	0	11	0.00000
Cellulomonas	1707	G	3315	129	3444	0.00007
Paraoerskovia	665568	G	76	2	78	0.00000
Pseudactinotalea	1926259	G	53	0	53	0.00000
Oerskovia	162491	G	51	2	53	0.00000
Actinotalea	458839	G	28	1	29	0.00000
Janibacter	53457	G	861	29	890	0.00002
Terrabacter	53355	G	289	9	298	0.00001
Knoellia	136099	G	284	2	286	0.00001
Oryzobacter	1849973	G	276	10	286	0.00001
Phycicoccus	367298	G	275	8	283	0.00001
Arsenicicoccus	267408	G	168	6	174	0.00000
Intrasporangium	53357	G	93	2	95	0.00000
Pedococcus	2805645	G	60	1	61	0.00000
Humibacillus	556178	G	42	0	42	0.00000
Nostocoides	99479	G	33	0	33	0.00000
Brevibacterium	1696	G	1941	116	2057	0.00004
Saxibacter	3162691	G	28	0	28	0.00000
Ornithinimicrobium	125287	G	1249	29	1278	0.00002
Serinicoccus	265976	G	190	6	196	0.00000
Occultella	2828348	G	361	9	370	0.00001
Ruania	626119	G	197	1	198	0.00000
Demequina	577469	G	445	8	453	0.00001
Sanguibacter	60919	G	360	12	372	0.00001
Jonesia	43673	G	254	8	262	0.00000
Kytococcus	57499	G	240	15	255	0.00000
Dermacoccus	57495	G	86	4	90	0.00000
Barrientosiimonas	1535207	G	86	3	89	0.00000
Allobranchiibius	2040262	G	20	0	20	0.00000
Luteipulveratus	745364	G	19	0	19	0.00000
Yimella	908935	G	13	0	13	0.00000
Miniimonas	947525	G	54	7	61	0.00000
Beutenbergia	84756	G	49	1	50	0.00000
Pengzhenrongella	2888818	G	42	1	43	0.00000
Luteimicrobium	754249	G	30	1	31	0.00000
Gephyromycinifex	2885697	G	30	0	30	0.00000
Rhodococcus	1827	G	283196	8149	291345	0.00552
Nocardia	1817	G	8584	121	8705	0.00016
Prescottella	2979332	G	775	32	807	0.00002
Rhodococcoides	3259750	G	182	39	221	0.00000
Williamsia	85043	G	98	1	99	0.00000
Corynebacterium	1716	G	42354	3436	45790	0.00087
Mycolicibacterium	1866885	G	9236	956	10192	0.00019
Mycobacterium	1763	G	7552	714	8266	0.00016
Mycobacteroides	670516	G	2956	508	3464	0.00007
Mycolicibacter	1073531	G	997	201	1198	0.00002
Mycolicibacillus	2126281	G	87	12	99	0.00000
Gordonia	2053	G	2921	55	2976	0.00006
Skermania	59613	G	32	0	32	0.00000
Dietzia	37914	G	2281	111	2392	0.00005
Tsukamurella	2060	G	262	6	268	0.00001
Tomitella	741759	G	222	4	226	0.00000
Segniliparus	286801	G	127	0	127	0.00000
Hoyosella	697025	G	36	0	36	0.00000
Streptomyces	1883	G	90722	2940	93662	0.00177
Kitasatospora	2063	G	5201	569	5770	0.00011
Embleya	2699295	G	1044	22	1066	0.00002
Streptacidiphilus	228398	G	658	47	705	0.00001
Peterkaempfera	2995704	G	469	31	500	0.00001
Actinacidiphila	2995702	G	284	26	310	0.00001
Yinghuangia	2805681	G	206	5	211	0.00000
Streptantibioticus	2995706	G	103	7	110	0.00000
Carbonactinospora	2864378	G	21	0	21	0.00000
Micromonospora	1873	G	10055	490	10545	0.00020
Actinoplanes	1865	G	4108	113	4221	0.00008
Dactylosporangium	35753	G	3771	81	3852	0.00007
Solwaraspora	265431	G	630	29	659	0.00001
Plantactinospora	673534	G	577	29	606	0.00001
Actinocatenispora	390988	G	510	8	518	0.00001
Polymorphospora	338583	G	408	17	425	0.00001
Phytohabitans	907364	G	170	5	175	0.00000
Catellatospora	53365	G	166	7	173	0.00000
Natronosporangium	2920401	G	113	1	114	0.00000
Longispora	203522	G	111	3	114	0.00000
Couchioplanes	56433	G	101	7	108	0.00000
Salinispora	168694	G	81	3	84	0.00000
Krasilnikovia	349312	G	41	2	43	0.00000
Amycolatopsis	1813	G	6543	181	6724	0.00013
Pseudonocardia	1847	G	2580	72	2652	0.00005
Kutzneria	43356	G	1281	40	1321	0.00003
Lentzea	165301	G	1179	32	1211	0.00002
Saccharopolyspora	1835	G	1026	33	1059	0.00002
Saccharothrix	2071	G	836	42	878	0.00002
Saccharomonospora	1851	G	736	15	751	0.00001
Actinomycetospora	402649	G	684	18	702	0.00001
Actinosynnema	40566	G	674	41	715	0.00001
Actinokineospora	39845	G	617	29	646	0.00001
Kibdelosporangium	2029	G	494	8	502	0.00001
Allokutzneria	1137960	G	317	12	329	0.00001
Umezawaea	583360	G	251	7	258	0.00000
Actinoalloteichus	65496	G	241	4	245	0.00000
Prauserella	142577	G	226	2	228	0.00000
Crossiella	130795	G	194	7	201	0.00000
Alloactinosynnema	674734	G	65	3	68	0.00000
Allosaccharopolyspora	2893576	G	19	0	19	0.00000
Nocardioides	1839	G	7705	282	7987	0.00015
Aeromicrobium	2040	G	1399	39	1438	0.00003
Friedmanniella	53387	G	239	6	245	0.00000
Pimelobacter	2044	G	171	12	183	0.00000
Mumia	1546255	G	80	1	81	0.00000
Micropruina	116071	G	28	1	29	0.00000
Solicola	3024237	G	12	0	12	0.00000
Cutibacterium	1912216	G	1047	234	1281	0.00002
Tessaracoccus	72763	G	805	81	886	0.00002
Microlunatus	29404	G	658	10	668	0.00001
Propioniciclava	1085622	G	487	70	557	0.00001
Raineyella	1911549	G	465	18	483	0.00001
Propionibacterium	1743	G	308	10	318	0.00001
Luteococcus	33983	G	151	3	154	0.00000
Acidipropionibacterium	1912215	G	120	18	138	0.00000
Arachnia	2801844	G	116	1	117	0.00000
Auraticoccus	1278221	G	68	1	69	0.00000
Naumannella	1294511	G	51	4	55	0.00000
Ammonicoccus	3417658	G	29	7	36	0.00000
Propionimicrobium	203133	G	22	0	22	0.00000
Brooklawnia	369926	G	13	1	14	0.00000
Kribbella	182639	G	3117	49	3166	0.00006
Actinopolymorpha	117156	G	81	0	81	0.00000
Streptosporangium	2000	G	2996	140	3136	0.00006
Nonomuraea	83681	G	2461	73	2534	0.00005
Microbispora	2005	G	903	44	947	0.00002
Thermobispora	147067	G	186	3	189	0.00000
Microtetraspora	1995	G	168	9	177	0.00000
Sphaerisporangium	321315	G	150	7	157	0.00000
Sphaerimonospora	1792303	G	100	3	103	0.00000
Spongiactinospora	2871671	G	15	0	15	0.00000
Actinomadura	1988	G	1512	67	1579	0.00003
Spirillospora	58122	G	416	25	441	0.00001
Actinoallomurus	667113	G	300	9	309	0.00001
Thermomonospora	2019	G	82	3	85	0.00000
Nocardiopsis	2013	G	923	69	992	0.00002
Thermobifida	83677	G	418	8	426	0.00001
Streptomonospora	104204	G	397	27	424	0.00001
Spiractinospora	2913367	G	39	0	39	0.00000
Bifidobacterium	1678	G	7479	135	7614	0.00014
Gardnerella	2701	G	715	42	757	0.00001
Bombiscardovia	1159909	G	412	6	418	0.00001
Scardovia	196081	G	80	2	82	0.00000
Alloscardovia	419014	G	15	0	15	0.00000
Actinomyces	1654	G	1384	37	1421	0.00003
Schaalia	2529408	G	756	44	800	0.00002
Arcanobacterium	28263	G	371	8	379	0.00001
Gleimia	2692113	G	236	73	309	0.00001
Flaviflexus	1522056	G	216	9	225	0.00000
Trueperella	1069494	G	107	22	129	0.00000
Buchananella	2767323	G	88	1	89	0.00000
Actinotignum	1653174	G	39	2	41	0.00000
Winkia	2692118	G	35	13	48	0.00000
Scrofimicrobium	2815785	G	17	0	17	0.00000
Nanchangia	2888879	G	13	0	13	0.00000
Mobiluncus	2050	G	12	0	12	0.00000
Varibaculum	184869	G	12	0	12	0.00000
Boudabousia	2767318	G	10	0	10	0.00000
Pauljensenia	2740557	G	10	1	11	0.00000
Pseudofrankia	2994363	G	608	19	627	0.00001
Frankia	1854	G	479	11	490	0.00001
Parafrankia	2994362	G	193	9	202	0.00000
Protofrankia	2994361	G	20	1	21	0.00000
Blastococcus	38501	G	405	18	423	0.00001
Geodermatophilus	1860	G	206	10	216	0.00000
Modestobacter	88138	G	119	5	124	0.00000
Candidatus Nanopelagicus	2039639	G	311	1	312	0.00001
Candidatus Planktophila	622681	G	281	1	282	0.00001
Nakamurella	53460	G	375	5	380	0.00001
Actinopolyspora	1849	G	291	2	293	0.00001
Jatrophihabitans	1434010	G	264	2	266	0.00001
Georgenia	154116	G	224	17	241	0.00000
Kineococcus	33981	G	156	6	162	0.00000
Angustibacter	908626	G	66	1	67	0.00000
Jiangella	281472	G	209	6	215	0.00000
Catenulispora	414878	G	146	3	149	0.00000
Stackebrandtia	283810	G	105	0	105	0.00000
Natronoglycomyces	2838311	G	16	0	16	0.00000
Acidothermus	28048	G	28	0	28	0.00000
Epidermidibacterium	2078948	G	20	6	26	0.00000
Adlercreutzia	447020	G	532	12	544	0.00001
Raoultibacter	1926677	G	513	45	558	0.00001
Gordonibacter	644652	G	323	159	482	0.00001
Eggerthella	84111	G	281	4	285	0.00001
Slackia	84108	G	161	0	161	0.00000
Phoenicibacter	1981050	G	118	32	150	0.00000
Arabiibacter	2005386	G	80	0	80	0.00000
Denitrobacterium	79603	G	73	26	99	0.00000
Cryptobacterium	84162	G	15	0	15	0.00000
Xiamenia	2981344	G	10	0	10	0.00000
Fannyhessea	2767327	G	568	141	709	0.00001
Thermophilibacter	2847307	G	522	40	562	0.00001
Olsenella	133925	G	295	5	300	0.00001
Atopobium	1380	G	34	0	34	0.00000
Lancefieldella	2767353	G	20	0	20	0.00000
Collinsella	102106	G	452	45	497	0.00001
Enorma	1472762	G	34	0	34	0.00000
Coriobacterium	33870	G	26	0	26	0.00000
Aquihabitans	1648491	G	321	16	337	0.00001
Dermatobacter	3075137	G	239	6	245	0.00000
Iamia	467975	G	65	2	67	0.00000
Actinomarinicola	2789775	G	22	1	23	0.00000
Actinospongicola	3449744	G	20	1	21	0.00000
Candidatus Poriferisocius	2983186	G	279	18	297	0.00001
Ilumatobacter	682522	G	189	2	191	0.00000
Candidatus Poriferisodalis	2983190	G	176	4	180	0.00000
Acidimicrobium	53634	G	82	0	82	0.00000
Salinilacustrithrix	3436875	G	47	5	52	0.00000
Candidatus Spongiisocius	2983163	G	118	0	118	0.00000
Svornostia	3231543	G	359	7	366	0.00001
Baekduia	2600304	G	236	7	243	0.00000
Conexibacter	191494	G	408	6	414	0.00001
Capillimicrobium	2976759	G	166	6	172	0.00000
Paraconexibacter	2758920	G	97	1	98	0.00000
Miltoncostaea	2843200	G	138	1	139	0.00000
Egicoccus	1755825	G	202	3	205	0.00000
Euzebya	908623	G	161	1	162	0.00000
Egibacter	1747770	G	106	1	107	0.00000
Rubrobacter	42255	G	256	0	256	0.00000
Spiroplasma	2132	G	11551	120	11671	0.00022
Mesoplasma	46239	G	1931	105	2036	0.00004
Entomoplasma	46238	G	35	1	36	0.00000
Williamsoniiplasma	2919614	G	338	13	351	0.00001
Mycoplasma	2093	G	7751	335	8086	0.00015
Candidatus Hepatoplasma	295595	G	206	27	233	0.00000
Acholeplasma	2147	G	1986	23	2009	0.00004
Mariniplasma	2903100	G	1553	1	1554	0.00003
Candidatus Phytoplasma	33926	G	904	1	905	0.00002
Haploplasma	2903106	G	583	4	587	0.00001
Candidatus Izemoplasma	2975549	G	1874	2	1876	0.00004
Candidatus Xianfuyuplasma	2975521	G	748	7	755	0.00001
Hujiaoplasma	3078171	G	161	11	172	0.00000
Mycoplasmopsis	2767358	G	4160	133	4293	0.00008
Metamycoplasma	2895509	G	2368	124	2492	0.00005
Mesomycoplasma	2923352	G	2222	46	2268	0.00004
Malacoplasma	2791001	G	1428	8	1436	0.00003
Ureaplasma	2129	G	847	0	847	0.00002
Mycoplasmoides	2995234	G	207	4	211	0.00000
Crocosphaera	263510	G	881	6	887	0.00002
Gloeothece	28070	G	851	5	856	0.00002
Candidatus Atelocyanobacterium	1453359	G	537	10	547	0.00001
Rippkaea	2546365	G	137	2	139	0.00000
Cyanobacterium	102234	G	1043	19	1062	0.00002
Geminocystis	669357	G	711	3	714	0.00001
Picosynechococcus	3079908	G	213	2	215	0.00000
Gloeocapsa	102231	G	806	18	824	0.00002
Gloeocapsopsis	693222	G	191	11	202	0.00000
Microcystis	1125	G	452	11	463	0.00001
Halothece	76023	G	327	20	347	0.00001
Planktothrix	54304	G	768	11	779	0.00001
Trichodesmium	1205	G	632	2	634	0.00001
Microcoleus	44471	G	80	53	133	0.00000
Capilliphycus	2768926	G	731	11	742	0.00001
Limnospira	2596745	G	261	68	329	0.00001
Planktothricoides	132607	G	304	21	325	0.00001
Oxynema	1492710	G	188	5	193	0.00000
Phormidium	1198	G	176	48	224	0.00000
Koinonema	2023214	G	41	1	42	0.00000
Nostoc	1177	G	4046	220	4266	0.00008
Anabaena	1163	G	463	152	615	0.00001
Richelia	98443	G	252	15	267	0.00001
Trichormus	264688	G	54	16	70	0.00000
Cylindrospermum	56106	G	49	12	61	0.00000
Cylindrospermopsis	77021	G	425	17	442	0.00001
Dolichospermum	748770	G	256	101	357	0.00001
Sphaerospermopsis	752201	G	63	1	64	0.00000
Okeanomitos	3231549	G	50	1	51	0.00000
Nodularia	159191	G	260	9	269	0.00001
Halotia	1620790	G	204	6	210	0.00000
Aliinostoc	2035978	G	125	13	138	0.00000
Anabaenopsis	110103	G	93	7	100	0.00000
Calothrix	1186	G	682	5	687	0.00001
Chlorogloeopsis	1123	G	580	0	580	0.00001
Fischerella	1190	G	349	4	353	0.00001
Rivularia	373984	G	252	1	253	0.00000
Brasilonema	383614	G	242	2	244	0.00000
Tolypothrix	111782	G	241	5	246	0.00000
Synechococcus	1129	G	3565	211	3776	0.00007
Prochlorococcus	1218	G	2418	61	2479	0.00005
Cyanobium	167375	G	188	73	261	0.00000
Synechocystis	1142	G	610	12	622	0.00001
Altericista	2855430	G	56	0	56	0.00000
Acaryochloris	155977	G	1211	4	1215	0.00002
Thermosynechococcus	146785	G	439	1	440	0.00001
Leptolyngbya	47251	G	1272	171	1443	0.00003
Leptothermofonsia	2917830	G	153	6	159	0.00000
Leptodesmis	2664261	G	29	3	32	0.00000
Trichocoleus	450526	G	56	2	58	0.00000
Trichothermofontia	3045815	G	41	0	41	0.00000
Pseudanabaena	1152	G	969	21	990	0.00002
Thalassoporum	2799719	G	269	2	271	0.00001
Moorena	1155738	G	657	4	661	0.00001
Allocoleopsis	2886347	G	92	2	94	0.00000
Nodosilinea	1120752	G	291	14	305	0.00001
Halomicronema	170610	G	84	0	84	0.00000
Dactylococcopsis	13034	G	96	7	103	0.00000
Stanieria	102115	G	360	4	364	0.00001
Pleurocapsa	44474	G	70	2	72	0.00000
Chroococcidiopsis	54298	G	324	9	333	0.00001
Crinalium	241421	G	227	5	232	0.00000
Chamaesiphon	217161	G	61	0	61	0.00000
Thermocoleostomius	3065395	G	71	3	74	0.00000
Egbenema	3079668	G	60	1	61	0.00000
Thermoleptolyngbya	2303528	G	56	3	59	0.00000
Gloeobacter	33071	G	153	0	153	0.00000
Desertifilum	1185872	G	98	2	100	0.00000
Geitlerinema	63132	G	23	0	23	0.00000
Dehalococcoides	61434	G	1057	40	1097	0.00002
Dehalogenimonas	670486	G	143	0	143	0.00000
Chloroflexus	1107	G	534	0	534	0.00001
Roseiflexus	120961	G	100	0	100	0.00000
Candidatus Chlorohelix	3139173	G	100	0	100	0.00000
Thermobaculum	262406	G	66	0	66	0.00000
Candidatus Leptofilum	3140596	G	629	0	629	0.00001
Candidatus Promineifilum	1988031	G	95	0	95	0.00000
Caldilinea	233191	G	667	0	667	0.00001
Ktedonosporobacter	2692417	G	343	0	343	0.00001
Anaerolinea	233189	G	93	0	93	0.00000
Pelolinea	1649478	G	74	0	74	0.00000
Candidatus Brevifilum	2019482	G	20	0	20	0.00000
Tepidiforma	2682228	G	27	0	27	0.00000
Phototrophicus	2922426	G	25	0	25	0.00000
Thermoflexus	1495649	G	13	0	13	0.00000
Capsulimonas	2494209	G	181	0	181	0.00000
Fimbriimonas	1005038	G	119	0	119	0.00000
Fusobacterium	848	G	14352	371	14723	0.00028
Ilyobacter	167639	G	1682	5	1687	0.00003
Cetobacterium	180162	G	1146	11	1157	0.00002
Leptotrichia	32067	G	5397	326	5723	0.00011
Sebaldella	32068	G	884	3	887	0.00002
Sneathia	168808	G	499	6	505	0.00001
Streptobacillus	34104	G	401	12	413	0.00001
Pseudoleptotrichia	2755140	G	62	3	65	0.00000
Haliovirga	3072462	G	808	3	811	0.00002
Deinococcus	1298	G	3144	1	3145	0.00006
Thermus	270	G	518	0	518	0.00001
Meiothermus	65551	G	241	0	241	0.00000
Oceanithermus	208447	G	49	0	49	0.00000
Truepera	332248	G	99	0	99	0.00000
Fervidobacterium	2422	G	799	7	806	0.00002
Thermosipho	2420	G	777	2	779	0.00001
Pseudothermotoga	1643951	G	581	0	581	0.00001
Thermotoga	2335	G	383	2	385	0.00001
Marinitoga	160798	G	378	0	378	0.00001
Oceanotoga	1255275	G	286	0	286	0.00001
Petrotoga	28236	G	255	5	260	0.00000
Defluviitoga	1511648	G	240	7	247	0.00000
Tepiditoga	2778400	G	114	0	114	0.00000
Kosmotoga	651456	G	158	0	158	0.00000
Mesotoga	1184396	G	22	0	22	0.00000
Athalassotoga	1769718	G	40	0	40	0.00000
Cloacibacillus	508459	G	240	28	268	0.00001
Thermanaerovibrio	81461	G	22	15	37	0.00000
Pyramidobacter	638847	G	142	0	142	0.00000
Fretibacterium	1434006	G	36	1	37	0.00000
Aminobacterium	81466	G	28	2	30	0.00000
Candidatus Chromulinivorax	2953757	G	626	0	626	0.00001
Candidatus Absconditicoccus	2900570	G	49	0	49	0.00000
Candidatus Nanosynbacter	2093823	G	16	5	21	0.00000
Candidatus Mycosynbacter	2831665	G	11	0	11	0.00000
Candidatus Bipolaricaulis	2250122	G	34	0	34	0.00000
Minisyncoccus	3238478	G	33	0	33	0.00000
Candidatus Fervidibacter	1448928	G	11	341	352	0.00001
Microvenator	2946507	G	134	0	134	0.00000
Persicimonas	2766927	G	113	0	113	0.00000
Bradymonas	1779136	G	13	0	13	0.00000
Dissulfurimicrobium	1769732	G	13	0	13	0.00000
Homo	9605	G	141917	2783	144700	0.00274
Fusarium	5506	G	3912	147	4059	0.00008
Trichoderma	5543	G	1912	133	2045	0.00004
Pochonia	243023	G	587	5	592	0.00001
Metarhizium	5529	G	429	3	432	0.00001
Ustilaginoidea	124426	G	341	6	347	0.00001
Drechmeria	98402	G	196	2	198	0.00000
Purpureocillium	1052105	G	98	5	103	0.00000
Akanthomyces	150366	G	226	6	232	0.00000
Colletotrichum	5455	G	2073	46	2119	0.00004
Thermothielavioides	2609811	G	811	26	837	0.00002
Thermothelomyces	1920207	G	699	11	710	0.00001
Neurospora	5140	G	558	19	577	0.00001
Sordaria	5146	G	558	77	635	0.00001
Podospora	5144	G	930	20	950	0.00002
Remersonia	72143	G	268	7	275	0.00001
Pyricularia	48558	G	2538	5	2543	0.00005
Botrytis	33196	G	946	26	972	0.00002
Aspergillus	5052	G	2231	36	2267	0.00004
Penicillium	5073	G	1124	44	1168	0.00002
Talaromyces	5094	G	628	30	658	0.00001
Coccidioides	5500	G	81	4	85	0.00000
Pyrenophora	5027	G	807	39	846	0.00002
Alternaria	5598	G	63	0	63	0.00000
Ascochyta	5453	G	701	17	718	0.00001
Cercospora	29002	G	339	26	365	0.00001
Zymoseptoria	1047167	G	326	5	331	0.00001
Fulvia	2897311	G	134	2	136	0.00000
Saccharomyces	4930	G	1318	46	1364	0.00003
Naumovozyma	278028	G	728	14	742	0.00001
Henningerozyma	3163253	G	480	25	505	0.00001
Huiozyma	3163251	G	408	7	415	0.00001
Torulaspora	4948	G	353	10	363	0.00001
Kluyveromyces	4910	G	341	17	358	0.00001
Eremothecium	33170	G	291	115	406	0.00001
Tetrapisispora	113604	G	262	6	268	0.00001
Zygotorulaspora	1196389	G	252	16	268	0.00001
Nakaseomyces	374468	G	181	14	195	0.00000
Zygosaccharomyces	4953	G	110	4	114	0.00000
Lachancea	300275	G	110	3	113	0.00000
Kazachstania	71245	G	91	1	92	0.00000
Saccharomycodes	36034	G	311	31	342	0.00001
Lodderomyces	36913	G	919	103	1022	0.00002
Candida	5475	G	702	22	724	0.00001
Debaryomyces	4958	G	309	1	310	0.00001
Scheffersomyces	766733	G	284	6	290	0.00001
Yamadazyma	766765	G	238	34	272	0.00001
Australozyma	3300567	G	119	3	122	0.00000
Candidozyma	3303203	G	23	2	25	0.00000
Pichia	4919	G	722	53	775	0.00001
Brettanomyces	13366	G	617	80	697	0.00001
Komagataella	460517	G	74	0	74	0.00000
Ogataea	461281	G	40	2	42	0.00000
Sugiyamaella	410829	G	696	146	842	0.00002
Yarrowia	4951	G	134	0	134	0.00000
Schizosaccharomyces	4895	G	758	58	816	0.00002
Kwoniella	490731	G	4679	574	5253	0.00010
Cryptococcus	5206	G	971	121	1092	0.00002
Cutaneotrichosporon	1838142	G	484	22	506	0.00001
Vanrija	1851468	G	230	16	246	0.00000
Marasmius	34448	G	604	25	629	0.00001
Psilocybe	71950	G	479	13	492	0.00001
Rhizoctonia	1322061	G	699	11	710	0.00001
Puccinia	5296	G	2049	115	2164	0.00004
Malassezia	55193	G	695	36	731	0.00001
Mycosarcoma	2689624	G	223	0	223	0.00000
Sporisorium	63265	G	118	23	141	0.00000
Rhizophagus	1129544	G	5148	290	5438	0.00010
Vairimorpha	6038	G	387	4	391	0.00001
Encephalitozoon	6033	G	27	0	27	0.00000
Plasmodium	5820	G	8319	27	8346	0.00016
Theileria	5873	G	1046	32	1078	0.00002
Babesia	5864	G	1026	10	1036	0.00002
Cryptosporidium	5806	G	1485	22	1507	0.00003
Toxoplasma	5810	G	433	23	456	0.00001
Neospora	29175	G	398	0	398	0.00001
Besnoitia	94642	G	116	0	116	0.00000
Bremia	4778	G	647	11	658	0.00001
Thalassiosira	35127	G	273	3	276	0.00001
Phaeodactylum	2849	G	43	0	43	0.00000
Trichomonas	5721	G	3503	0	3503	0.00007
Spironucleus	39709	G	309	0	309	0.00001
Giardia	5740	G	169	0	169	0.00000
Leishmania	5658	G	2498	1	2499	0.00005
Porcisia	2761499	G	418	0	418	0.00001
Trypanosoma	5690	G	435	0	435	0.00001
Dictyostelium	5782	G	932	1	933	0.00002
Guillardia	55528	G	74	1	75	0.00000
Hemiselmis	77924	G	18	0	18	0.00000
Natrialba	63742	G	443	6	449	0.00001
Natronorubrum	134813	G	310	3	313	0.00001
Natrinema	88723	G	226	5	231	0.00000
Haloterrigena	121871	G	213	1	214	0.00000
Natronobeatus	3065678	G	182	2	184	0.00000
Natronosalvus	3076685	G	154	0	154	0.00000
Halosolutus	2993618	G	146	0	146	0.00000
Halovivax	332951	G	101	0	101	0.00000
Natrononativus	3065677	G	98	0	98	0.00000
Natrarchaeobaculum	2765402	G	75	1	76	0.00000
Halomontanus	3125902	G	33	0	33	0.00000
Halopiger	387342	G	28	0	28	0.00000
Salinilacihabitans	3065676	G	23	0	23	0.00000
Natronococcus	29287	G	22	2	24	0.00000
Natribaculum	1699375	G	19	0	19	0.00000
Natronobacterium	2256	G	13	0	13	0.00000
Halovalidus	3383206	G	13	0	13	0.00000
Halobaculum	43927	G	723	70	793	0.00002
Halorubrum	56688	G	222	43	265	0.00001
Salinigranum	1644057	G	164	2	166	0.00000
Haloferax	2251	G	158	1	159	0.00000
Haloplanus	376170	G	119	34	153	0.00000
Halohasta	1450140	G	105	78	183	0.00000
Halobellus	1073986	G	68	33	101	0.00000
Haloprofundus	1911573	G	60	5	65	0.00000
Halorarum	3163375	G	51	4	55	0.00000
Haloquadratum	293431	G	27	0	27	0.00000
Halopenitus	1209988	G	12	0	12	0.00000
Halogeometricum	60846	G	10	0	10	0.00000
Haloarcula	2237	G	604	41	645	0.00001
Halomicrobium	203135	G	221	16	237	0.00000
Halapricum	1542963	G	201	3	204	0.00000
Halorientalis	1073987	G	123	11	134	0.00000
Halosimplex	171163	G	96	6	102	0.00000
Halovenus	1377992	G	36	0	36	0.00000
Halorhabdus	146825	G	15	0	15	0.00000
Salinibaculum	2732368	G	12	0	12	0.00000
Halocatena	2907493	G	166	0	166	0.00000
Natronomonas	63743	G	147	31	178	0.00000
Halorarius	3056835	G	141	13	154	0.00000
Halomarina	871740	G	103	1	104	0.00000
Haloglomus	2806252	G	91	2	93	0.00000
Salinirubellus	2162630	G	14	0	14	0.00000
Haladaptatus	367188	G	327	0	327	0.00001
Halorussus	1070314	G	246	34	280	0.00001
Natronorarus	3386557	G	446	0	446	0.00001
Halobacterium	2239	G	114	4	118	0.00000
Halospeciosus	3116496	G	103	17	120	0.00000
Salarchaeum	1075398	G	35	15	50	0.00000
Halarchaeum	744724	G	20	0	20	0.00000
Halococcus	2249	G	122	0	122	0.00000
Halalkalicoccus	332246	G	37	0	37	0.00000
Salinarchaeum	1269201	G	58	0	58	0.00000
Methanosarcina	2207	G	1892	0	1892	0.00004
Methanolapillus	3136068	G	604	4	608	0.00001
Methanolobus	2220	G	433	2	435	0.00001
Methanomethylovorans	101191	G	357	0	357	0.00001
Methanohalophilus	2175	G	98	0	98	0.00000
Methanococcoides	2225	G	78	0	78	0.00000
Methanimicrococcus	91559	G	46	0	46	0.00000
Methanosalsum	196136	G	30	0	30	0.00000
Methanohalobium	2321	G	15	0	15	0.00000
Methanospirillum	2202	G	658	1	659	0.00001
Methanogenium	2195	G	287	0	287	0.00001
Methanofollis	81416	G	96	0	96	0.00000
Methanolacinia	230355	G	61	0	61	0.00000
Methanoplanus	2314	G	58	1	59	0.00000
Methanoculleus	45989	G	57	0	57	0.00000
Methanochimaera	3385476	G	11	0	11	0.00000
Methanosphaerula	475087	G	366	2	368	0.00001
Methanoregula	395331	G	12	0	12	0.00000
Methanocorpusculum	2192	G	41	0	41	0.00000
Methanocella	570266	G	351	0	351	0.00001
Methanothrix	2222	G	28	0	28	0.00000
Methanosphaera	2316	G	1229	97	1326	0.00003
Methanobacterium	2160	G	570	4	574	0.00001
Methanobrevibacter	2172	G	549	9	558	0.00001
Methanothermobacter	145260	G	24	0	24	0.00000
Methanococcus	2184	G	795	164	959	0.00002
Methanothermococcus	155862	G	288	0	288	0.00001
Methanocaldococcus	196118	G	579	83	662	0.00001
Methanopyrus	2319	G	85	0	85	0.00000
Thermococcus	2263	G	1001	0	1001	0.00002
Pyrococcus	2260	G	207	0	207	0.00000
Palaeococcus	83867	G	133	0	133	0.00000
Archaeoglobus	2233	G	458	1	459	0.00001
Geoglobus	190818	G	14	0	14	0.00000
Thermoplasma	2302	G	163	0	163	0.00000
Oxyplasma	3373586	G	29	0	29	0.00000
Ferroplasma	74968	G	117	0	117	0.00000
Acidiplasma	507753	G	23	0	23	0.00000
Cuniculiplasma	1747777	G	104	0	104	0.00000
Methanomassiliicoccus	1080709	G	250	0	250	0.00000
Saccharolobus	2100760	G	1337	164	1501	0.00003
Acidianus	12914	G	566	44	610	0.00001
Sulfolobus	2284	G	249	7	256	0.00000
Sulfurisphaera	69655	G	124	1	125	0.00000
Stygiolobus	41674	G	55	0	55	0.00000
Metallosphaera	41980	G	12	0	12	0.00000
Staphylothermus	2279	G	107	0	107	0.00000
Thermogladius	477695	G	102	0	102	0.00000
Thermosphaera	54253	G	43	0	43	0.00000
Desulfurococcus	2273	G	27	0	27	0.00000
Aeropyrum	56635	G	11	0	11	0.00000
Hyperthermus	54247	G	13	0	13	0.00000
Caldisphaera	200414	G	152	0	152	0.00000
Pyrobaculum	2276	G	44	0	44	0.00000
Vulcanisaeta	164450	G	43	0	43	0.00000
Candidatus Nitrosocosmicus	1826864	G	805	0	805	0.00002
Nitrosopumilus	338191	G	347	2	349	0.00001
Candidatus Nitrosomarinus	1993653	G	247	5	252	0.00000
Nitrosarchaeum	1007082	G	25	0	25	0.00000
Nitrosotalea	1078904	G	10	0	10	0.00000
Candidatus Nitrosotenuis	1825023	G	18	0	18	0.00000
Conexivisphaera	2613912	G	18	0	18	0.00000
Candidatus Lokiarchaeum	1655637	G	313	0	313	0.00001
Promethearchaeum	3366645	G	54	0	54	0.00000
Nanobdella	2974824	G	13	0	13	0.00000
Mimasvirus	2560176	G	4565	0	4565	0.00009
Eneladusvirus	2560128	G	4534	0	4534	0.00009
Karamvirus	1913650	G	248	0	248	0.00000
Gaprivervirus	1913654	G	90	3	93	0.00000
Tequatrovirus	10663	G	10	27	37	0.00000
Lazarusvirus	2842820	G	344	6	350	0.00001
Slopekvirus	1985328	G	31	0	31	0.00000
Schizotequatrovirus	1198137	G	16	0	16	0.00000
Sokavirus	2948913	G	27	0	27	0.00000
Ormenosvirus	2948849	G	12	0	12	0.00000
Hafyongvirus	3152967	G	773	16	789	0.00001
Carjivirus	2948652	G	132	0	132	0.00000
Dabirmavirus	2948671	G	75	0	75	0.00000
Whopevirus	2948952	G	55	0	55	0.00000
Endlipuvirus	2948697	G	46	0	46	0.00000
Drivevirus	2948684	G	25	0	25	0.00000
Diorhovirus	2948680	G	22	0	22	0.00000
Delmidovirus	2948688	G	19	0	19	0.00000
Jahgtovirus	2948767	G	177	0	177	0.00000
Hacihdavirus	2948736	G	14	0	14	0.00000
Wotdevirus	2948953	G	11	0	11	0.00000
Pagevirus	1921184	G	507	0	507	0.00001
Pecentumvirus	1857844	G	370	0	370	0.00001
Watanabevirus	2843129	G	57	20	77	0.00000
Silviavirus	1857889	G	10	0	10	0.00000
Hzauvirus	3044735	G	382	0	382	0.00001
Exceevirus	2948704	G	145	0	145	0.00000
Luzseptimavirus	1982594	G	71	0	71	0.00000
Pacinivirus	2842934	G	49	0	49	0.00000
Varunavirus	3044852	G	13	0	13	0.00000
Presleyvirus	2842977	G	12	0	12	0.00000
Audreyjarvisvirus	2843351	G	271	121	392	0.00001
Baltivirus	2946816	G	222	0	222	0.00000
Zhangqianvirus	3044868	G	205	3	208	0.00000
Trigintaduovirus	2169657	G	199	0	199	0.00000
Ceduovirus	186532	G	189	0	189	0.00000
Haetaevirus	3044726	G	149	191	340	0.00001
Colossusvirus	2733153	G	137	0	137	0.00000
Liaoningvirus	3153013	G	131	0	131	0.00000
Alcyoneusvirus	2560086	G	117	0	117	0.00000
Obolenskvirus	1915205	G	115	24	139	0.00000
Kungbxnavirus	2843406	G	113	0	113	0.00000
Asteriusvirus	2560094	G	104	0	104	0.00000
Ravarandavirus	2843444	G	98	0	98	0.00000
Cinunavirus	2560117	G	73	0	73	0.00000
Soupsvirus	1982562	G	69	0	69	0.00000
Wroclawvirus	3044857	G	67	0	67	0.00000
Sleepyheadvirus	2843457	G	47	0	47	0.00000
Scappvirus	3044814	G	45	0	45	0.00000
Graikaemvirus	3044724	G	31	0	31	0.00000
Moabitevirus	2843422	G	19	0	19	0.00000
Elvirus	1984786	G	13	0	13	0.00000
Berlinvirus	2732677	G	13	0	13	0.00000
Coopervirus	1982898	G	15	0	15	0.00000
Saguarovirus	2948887	G	11	0	11	0.00000
Vidquintavirus	2560249	G	32	0	32	0.00000
Franklinbayvirus	2733176	G	28	0	28	0.00000
Mementomorivirus	2733194	G	23	0	23	0.00000
Nevillevirus	3044773	G	21	0	21	0.00000
Minhovirus	2842870	G	12	0	12	0.00000
Tlsvirus	1920865	G	16	0	16	0.00000
Thetabobvirus	2843467	G	12	0	12	0.00000
Teubervirus	2843466	G	18	0	18	0.00000
Natevirus	3044772	G	13	0	13	0.00000
Takahashivirus	2843463	G	16	0	16	0.00000
Plateaulakevirus	2843436	G	14	0	14	0.00000
Halfdanvirus	3152621	G	12	0	12	0.00000
Mollyvirus	2948826	G	12	0	12	0.00000
Turbidovirus	2948936	G	10	71	81	0.00000
Jacevirus	2733181	G	10	0	10	0.00000
Simplexvirus	10294	G	157	0	157	0.00000
Rhadinovirus	10379	G	38	0	38	0.00000
Cytomegalovirus	10358	G	21	0	21	0.00000
Ostreavirus	548686	G	18	0	18	0.00000
Batrachovirus	692605	G	12	0	12	0.00000
Betabaculovirus	558017	G	1251	0	1251	0.00002
Alphabaculovirus	558016	G	69	0	69	0.00000
Alphanudivirus	1511853	G	304	0	304	0.00001
Bracoviriform	2946836	G	29	0	29	0.00000
Moumouvirus	3080801	G	67	13	80	0.00000
Megavirus	3044761	G	61	5	66	0.00000
Tupanvirus	2094720	G	47	0	47	0.00000
Cotonvirus	3044693	G	26	5	31	0.00000
Mimivirus	315393	G	23	98	121	0.00000
Rheavirus	3044800	G	92	0	92	0.00000
Fadolivirus	2763561	G	16	0	16	0.00000
Oceanusvirus	3044778	G	47	0	47	0.00000
Chlorovirus	181083	G	334	0	334	0.00001
Raphidovirus	573012	G	16	15	31	0.00000
Decapodiridovirus	2560120	G	25	0	25	0.00000
Chloriridovirus	10491	G	24	0	24	0.00000
Iridovirus	10487	G	11	0	11	0.00000
Cervidpoxvirus	573055	G	124	0	124	0.00000
Asfivirus	39743	G	23	0	23	0.00000
Mastadenovirus	10509	G	151	0	151	0.00000
Orthobunyavirus	11572	G	168	0	168	0.00000
Orthohantavirus	1980442	G	107	0	107	0.00000
Phlebovirus	11584	G	205	0	205	0.00000
Jeilongvirus	2560155	G	17	0	17	0.00000
Nepovirus	12270	G	14	3	17	0.00000
Betafusarivirus	2946823	G	15	0	15	0.00000
Tymovirus	12148	G	81	0	81	0.00000
Orthoflavivirus	3044782	G	78	0	78	0.00000
Kahnayevirus	2842782	G	15	0	15	0.00000
Pandoravirus	2060084	G	72	0	72	0.00000
Protoparvovirus	1506574	G	42	0	42	0.00000
Gequatrovirus	1910952	G	16	0	16	0.00000
Usarudivirus	2843109	G	27	0	27	0.00000
